CGATS.17
FORMAT_VERSION 2
IDMS_FILE_TYPE	CGE_MEASUREMENT
IDMS_VERSION  1.3
CGV_DISPLAY_TYPE REFLECTIVE
DISPLAY_MFR DisplayCo
DISPLAY_MODEL DC-1
DISPLAY_SERIAL AA1234567890
DISPLAY_MODE ModeName
DISPLAY_NOTES Other specific display settings
DISPLAY_LABEL Identification string to be used on Ring Diagrams
ORIGINATOR LabCo
EXPERIMENTER Firstname Lastname
FILE_CREATED Tuesday, February 2, 2024, 10:55:40 AM
INSTRUMENT Instrument model
INSTRUMENT_SN IN1234567890
CIE_OBSERVER 1931 
CIE_OBSERVER_ANGLE 2
ILLUMINATION_TYPE_NAME	Indoor, normalized to Yn
ILLUMINATION_DIRECT_XYZ	1.10E+02	1.00E+02	3.55E+01
ILLUMINATION_HEMISPHERE_XYZ	9.64E+01	1.00E+02	8.25E+01
ILLUMINATION_PERFECT_DIFFUSE_REFLECTOR_XYZ	1.02E+02	1.00E+02	6.37E+01
KEYWORD SampleID
NUMBER_OF_FIELDS 7
BEGIN_DATA_FORMAT
SampleID RGB_R RGB_G RGB_B XYZ_X XYZ_Y XYZ_Z
END_DATA_FORMAT
NUMBER_OF_SETS 602 
BEGIN_DATA
1 0 0 0 3.90301 4.50858 4.08253
2 0 0 25 3.91519 4.51192 4.15759
3 0 0 51 3.96149 4.52459 4.44277
4 0 0 76 4.04366 4.54708 4.94895
5 0 0 102 4.17172 4.58212 5.73777
6 0 0 127 4.33826 4.62769 6.76361
7 0 0 153 4.55868 4.68802 8.12143
8 0 0 178 4.81774 4.75891 9.71717
9 0 0 204 5.13769 4.84647 11.688
10 0 0 229 5.49524 4.94432 13.8905
11 0 0 255 5.92024 5.06062 16.5085
12 0 25 0 3.91284 4.54238 4.09363
13 0 25 25 3.93434 4.55503 4.22712
14 0 25 51 3.98064 4.5677 4.5123
15 0 25 76 4.06281 4.59019 5.01848
16 0 25 102 4.19087 4.62523 5.8073
17 0 25 127 4.35741 4.6708 6.83314
18 0 25 153 4.57783 4.73113 8.19096
19 0 25 178 4.83689 4.80202 9.7867
20 0 25 204 5.15684 4.88958 11.7576
21 0 25 229 5.51439 4.98743 13.9601
22 0 25 255 5.93939 5.10373 16.578
23 0 51 0 3.95019 4.6708 4.13579
24 0 51 25 3.97169 4.68345 4.26929
25 0 51 51 4.0534 4.73149 4.77647
26 0 51 76 4.13557 4.75398 5.28266
27 0 51 102 4.26363 4.78903 6.07148
28 0 51 127 4.43016 4.8346 7.09731
29 0 51 153 4.65059 4.89492 8.45513
30 0 51 178 4.90964 4.96582 10.0509
31 0 51 204 5.22959 5.05337 12.0217
32 0 51 229 5.58715 5.15122 14.2242
33 0 51 255 6.01215 5.26753 16.8422
34 0 76 0 4.01648 4.89873 4.21064
35 0 76 25 4.03798 4.91138 4.34413
36 0 76 51 4.11969 4.95943 4.85132
37 0 76 76 4.26471 5.04471 5.75155
38 0 76 102 4.39276 5.07975 6.54037
39 0 76 127 4.5593 5.12533 7.5662
40 0 76 153 4.77973 5.18565 8.92402
41 0 76 178 5.03878 5.25654 10.5198
42 0 76 204 5.35873 5.3441 12.4906
43 0 76 229 5.71628 5.44195 14.6931
44 0 76 255 6.14129 5.55826 17.3111
45 0 102 0 4.11978 5.25393 4.32728
46 0 102 25 4.14128 5.26658 4.46078
47 0 102 51 4.22299 5.31463 4.96796
48 0 102 76 4.36801 5.39991 5.86819
49 0 102 102 4.59401 5.53282 7.27107
50 0 102 127 4.76054 5.57839 8.29691
51 0 102 153 4.98097 5.63871 9.65473
52 0 102 178 5.24002 5.7096 11.2505
53 0 102 204 5.55997 5.79716 13.2213
54 0 102 229 5.91753 5.89501 15.4238
55 0 102 255 6.34253 6.01132 18.0418
56 0 127 0 4.25412 5.71586 4.47897
57 0 127 25 4.27563 5.72851 4.61246
58 0 127 51 4.35733 5.77656 5.11965
59 0 127 76 4.50235 5.86184 6.01988
60 0 127 102 4.72835 5.99474 7.42276
61 0 127 127 5.02225 6.16758 9.24717
62 0 127 153 5.24268 6.2279 10.605
63 0 127 178 5.50173 6.2988 12.2007
64 0 127 204 5.82169 6.38636 14.1716
65 0 127 229 6.17924 6.4842 16.3741
66 0 127 255 6.60424 6.60051 18.9921
67 0 153 0 4.43194 6.32728 4.67975
68 0 153 25 4.45344 6.33993 4.81324
69 0 153 51 4.53515 6.38798 5.32043
70 0 153 76 4.68017 6.47326 6.22065
71 0 153 102 4.90617 6.60616 7.62354
72 0 153 127 5.20007 6.779 9.44794
73 0 153 153 5.58909 7.00777 11.8628
74 0 153 178 5.84814 7.07866 13.4585
75 0 153 204 6.16809 7.16622 15.4294
76 0 153 229 6.52564 7.26407 17.6319
77 0 153 255 6.95065 7.38038 20.2498
78 0 178 0 4.64092 7.04584 4.91571
79 0 178 25 4.66242 7.05848 5.0492
80 0 178 51 4.74413 7.10653 5.55639
81 0 178 76 4.88915 7.19181 6.45661
82 0 178 102 5.11514 7.32472 7.85949
83 0 178 127 5.40905 7.49755 9.6839
84 0 178 153 5.79806 7.72632 12.0987
85 0 178 178 6.25524 7.99518 14.9367
86 0 178 204 6.57519 8.08274 16.9076
87 0 178 229 6.93275 8.18059 19.11
88 0 178 255 7.35775 8.29689 21.728
89 0 204 0 4.89902 7.93331 5.20714
90 0 204 25 4.92052 7.94596 5.34063
91 0 204 51 5.00223 7.99401 5.84782
92 0 204 76 5.14725 8.07929 6.74804
93 0 204 102 5.37325 8.21219 8.15092
94 0 204 127 5.66715 8.38503 9.97533
95 0 204 153 6.05617 8.6138 12.3902
96 0 204 178 6.51335 8.88266 15.2281
97 0 204 204 7.078 9.21472 18.7332
98 0 204 229 7.43555 9.31256 20.9357
99 0 204 255 7.86056 9.42887 23.5537
100 0 229 0 5.18745 8.92508 5.53281
101 0 229 25 5.20896 8.93772 5.66631
102 0 229 51 5.29066 8.98577 6.17349
103 0 229 76 5.43569 9.07106 7.07372
104 0 229 102 5.66168 9.20396 8.4766
105 0 229 127 5.95559 9.3768 10.301
106 0 229 153 6.3446 9.60557 12.7158
107 0 229 178 6.80178 9.87442 15.5538
108 0 229 204 7.36644 10.2065 19.0589
109 0 229 229 7.99745 10.5776 22.9759
110 0 229 255 8.42245 10.6939 25.5939
111 0 255 0 5.5303 10.1039 5.91993
112 0 255 25 5.55181 10.1166 6.05342
113 0 255 51 5.63351 10.1646 6.56061
114 0 255 76 5.77853 10.2499 7.46083
115 0 255 102 6.00453 10.3828 8.86371
116 0 255 127 6.29843 10.5557 10.6881
117 0 255 153 6.68745 10.7844 13.1029
118 0 255 178 7.14463 11.0533 15.9409
119 0 255 204 7.70928 11.3853 19.446
120 0 255 229 8.3403 11.7564 23.363
121 0 255 255 9.09035 12.1975 28.019
122 25 0 0 4.04947 4.59509 4.08595
123 25 0 25 4.06708 4.60047 4.19101
124 25 0 51 4.11338 4.61314 4.47619
125 25 0 76 4.19555 4.63563 4.98237
126 25 0 102 4.32361 4.67067 5.77119
127 25 0 127 4.49014 4.71625 6.79703
128 25 0 153 4.71057 4.77657 8.15485
129 25 0 178 4.96963 4.84746 9.75059
130 25 0 204 5.28958 4.93502 11.7215
131 25 0 229 5.64713 5.03287 13.9239
132 25 0 255 6.07213 5.14918 16.5419
133 51 0 0 4.60592 4.92376 4.09897
134 51 0 25 4.62354 4.92915 4.20402
135 51 0 51 4.69046 4.9496 4.60316
136 51 0 76 4.77264 4.97208 5.10935
137 51 0 102 4.90069 5.00713 5.89817
138 51 0 127 5.06723 5.0527 6.924
139 51 0 153 5.28766 5.11303 8.28182
140 51 0 178 5.54671 5.18392 9.87756
141 51 0 204 5.86666 5.27148 11.8484
142 51 0 229 6.22421 5.36932 14.0509
143 51 0 255 6.64922 5.48563 16.6689
144 76 0 0 5.59359 5.50714 4.12207
145 76 0 25 5.61121 5.51252 4.22713
146 76 0 51 5.67813 5.53297 4.62627
147 76 0 76 5.79692 5.56927 5.33472
148 76 0 102 5.92498 5.60431 6.12354
149 76 0 127 6.09151 5.64989 7.14937
150 76 0 153 6.31194 5.71021 8.50719
151 76 0 178 6.571 5.7811 10.1029
152 76 0 204 6.89095 5.86866 12.0738
153 76 0 229 7.2485 5.96651 14.2763
154 76 0 255 7.6735 6.08282 16.8943
155 102 0 0 7.13275 6.41625 4.15808
156 102 0 25 7.15036 6.42163 4.26313
157 102 0 51 7.21729 6.44208 4.66227
158 102 0 76 7.33608 6.47838 5.37072
159 102 0 102 7.52119 6.53495 6.47475
160 102 0 127 7.68773 6.58052 7.50058
161 102 0 153 7.90816 6.64085 8.8584
162 102 0 178 8.16721 6.71174 10.4541
163 102 0 204 8.48716 6.7993 12.425
164 102 0 229 8.84471 6.89714 14.6275
165 102 0 255 9.26972 7.01345 17.2455
166 127 0 0 9.13438 7.59853 4.20491
167 127 0 25 9.15199 7.60391 4.30996
168 127 0 51 9.21892 7.62436 4.7091
169 127 0 76 9.33771 7.66066 5.41755
170 127 0 102 9.52282 7.71722 6.52157
171 127 0 127 9.76356 7.79079 7.95732
172 127 0 153 9.98399 7.85111 9.31514
173 127 0 178 10.243 7.922 10.9109
174 127 0 204 10.563 8.00956 12.8818
175 127 0 229 10.9205 8.10741 15.0842
176 127 0 255 11.3456 8.22372 17.7022
177 153 0 0 11.7838 9.16341 4.26688
178 153 0 25 11.8014 9.16879 4.37194
179 153 0 51 11.8683 9.18924 4.77108
180 153 0 76 11.9871 9.22554 5.47953
181 153 0 102 12.1722 9.28211 6.58355
182 153 0 127 12.413 9.35567 8.0193
183 153 0 153 12.7316 9.45304 9.91969
184 153 0 178 12.9907 9.52393 11.5154
185 153 0 204 13.3106 9.61149 13.4863
186 153 0 229 13.6682 9.70934 15.6888
187 153 0 255 14.0932 9.82564 18.3068
188 178 0 0 14.8974 11.0025 4.33972
189 178 0 25 14.915 11.0079 4.44478
190 178 0 51 14.9819 11.0283 4.84392
191 178 0 76 15.1007 11.0646 5.55237
192 178 0 102 15.2858 11.1212 6.65639
193 178 0 127 15.5266 11.1948 8.09214
194 178 0 153 15.8452 11.2921 9.99253
195 178 0 178 16.2197 11.4066 12.2259
196 178 0 204 16.5397 11.4941 14.1968
197 178 0 229 16.8972 11.592 16.3993
198 178 0 255 17.3222 11.7083 19.0172
199 204 0 0 18.743 13.2739 4.42968
200 204 0 25 18.7606 13.2793 4.53474
201 204 0 51 18.8275 13.2998 4.93388
202 204 0 76 18.9463 13.3361 5.64233
203 204 0 102 19.1314 13.3926 6.74635
204 204 0 127 19.3722 13.4662 8.1821
205 204 0 153 19.6908 13.5636 10.0825
206 204 0 178 20.0653 13.678 12.3159
207 204 0 204 20.5278 13.8193 15.0743
208 204 0 229 20.8854 13.9172 17.2768
209 204 0 255 21.3104 14.0335 19.8948
210 229 0 0 23.0405 15.8123 4.53022
211 229 0 25 23.0581 15.8177 4.63527
212 229 0 51 23.125 15.8381 5.03441
213 229 0 76 23.2438 15.8744 5.74286
214 229 0 102 23.429 15.931 6.84688
215 229 0 127 23.6697 16.0045 8.28264
216 229 0 153 23.9883 16.1019 10.183
217 229 0 178 24.3628 16.2163 12.4164
218 229 0 204 24.8253 16.3577 15.1748
219 229 0 229 25.3422 16.5156 18.2574
220 229 0 255 25.7672 16.6319 20.8754
221 255 0 0 28.1487 18.8295 4.64972
222 255 0 25 28.1664 18.8349 4.75477
223 255 0 51 28.2333 18.8553 5.15391
224 255 0 76 28.3521 18.8916 5.86236
225 255 0 102 28.5372 18.9482 6.96638
226 255 0 127 28.7779 19.0218 8.40214
227 255 0 153 29.0966 19.1191 10.3025
228 255 0 178 29.4711 19.2336 12.5359
229 255 0 204 29.9336 19.3749 15.2943
230 255 0 229 30.4505 19.5328 18.3769
231 255 0 255 31.0648 19.7206 22.041
232 25 25 0 4.1616 4.77596 4.10322
233 25 51 0 4.19895 4.90438 4.14538
234 25 76 0 4.26524 5.13231 4.22023
235 25 102 0 4.36854 5.48752 4.33687
236 25 127 0 4.50288 5.94944 4.48856
237 25 153 0 4.6807 6.56086 4.68934
238 25 178 0 4.88968 7.27942 4.9253
239 25 204 0 5.14778 8.16689 5.21673
240 25 229 0 5.43621 9.15866 5.5424
241 25 255 0 5.77906 10.3375 5.92952
242 51 25 0 4.71805 5.10464 4.11623
243 51 51 0 5.14409 5.79185 4.18182
244 51 76 0 5.21038 6.01978 4.25667
245 51 102 0 5.31368 6.37499 4.37331
246 51 127 0 5.44802 6.83691 4.525
247 51 153 0 5.62584 7.44833 4.72578
248 51 178 0 5.83482 8.16689 4.96174
249 51 204 0 6.09292 9.05436 5.25316
250 51 229 0 6.38136 10.0461 5.57884
251 51 255 0 6.7242 11.225 5.96596
252 76 25 0 5.70573 5.68801 4.13934
253 76 51 0 6.13176 6.37523 4.20493
254 76 76 0 6.88795 7.59499 4.32134
255 76 102 0 6.99125 7.95019 4.43798
256 76 127 0 7.12559 8.41212 4.58967
257 76 153 0 7.30341 9.02354 4.79045
258 76 178 0 7.51239 9.74209 5.02641
259 76 204 0 7.77049 10.6296 5.31784
260 76 229 0 8.05892 11.6213 5.64351
261 76 255 0 8.40177 12.8002 6.03063
262 102 25 0 7.24488 6.59713 4.17534
263 102 51 0 7.67091 7.28434 4.24093
264 102 76 0 8.4271 8.5041 4.35735
265 102 102 0 9.60551 10.4049 4.53877
266 102 127 0 9.73986 10.8669 4.69046
267 102 153 0 9.91767 11.4783 4.89123
268 102 178 0 10.1267 12.1968 5.12719
269 102 204 0 10.3848 13.0843 5.41862
270 102 229 0 10.6732 14.0761 5.7443
271 102 255 0 11.016 15.2549 6.13141
272 127 25 0 9.24651 7.7794 4.22217
273 127 51 0 9.67254 8.46661 4.28776
274 127 76 0 10.4287 9.68638 4.40417
275 127 102 0 11.6071 11.5872 4.58559
276 127 127 0 13.1396 14.0592 4.82152
277 127 153 0 13.3175 14.6706 5.0223
278 127 178 0 13.5264 15.3892 5.25826
279 127 204 0 13.7845 16.2766 5.54969
280 127 229 0 14.073 17.2684 5.87536
281 127 255 0 14.4158 18.4473 6.26248
282 153 25 0 11.8959 9.34428 4.28415
283 153 51 0 12.3219 10.0315 4.34974
284 153 76 0 13.0781 11.2513 4.46615
285 153 102 0 14.2565 13.1521 4.64757
286 153 127 0 15.789 15.6241 4.8835
287 153 153 0 17.8175 18.896 5.19578
288 153 178 0 18.0264 19.6146 5.43174
289 153 204 0 18.2846 20.5021 5.72317
290 153 229 0 18.573 21.4938 6.04885
291 153 255 0 18.9158 22.6727 6.43596
292 178 25 0 15.0095 11.1834 4.35699
293 178 51 0 15.4356 11.8706 4.42257
294 178 76 0 16.1917 13.0903 4.53899
295 178 102 0 17.3702 14.9912 4.72041
296 178 127 0 18.9027 17.4632 4.95634
297 178 153 0 20.9311 20.7351 5.26862
298 178 178 0 23.315 24.5804 5.63562
299 178 204 0 23.5731 25.4679 5.92705
300 178 229 0 23.8615 26.4597 6.25273
301 178 255 0 24.2044 27.6385 6.63984
302 204 25 0 18.8551 13.4548 4.44695
303 204 51 0 19.2812 14.142 4.51254
304 204 76 0 20.0373 15.3618 4.62895
305 204 102 0 21.2158 17.2626 4.81037
306 204 127 0 22.7483 19.7346 5.0463
307 204 153 0 24.7767 23.0066 5.35858
308 204 178 0 27.1606 26.8518 5.72559
309 204 204 0 30.1048 31.6011 6.17886
310 204 229 0 30.3933 32.5929 6.50454
311 204 255 0 30.7361 33.7717 6.89165
312 229 25 0 23.1526 15.9932 4.54748
313 229 51 0 23.5787 16.6804 4.61307
314 229 76 0 24.3349 17.9001 4.72949
315 229 102 0 25.5133 19.801 4.9109
316 229 127 0 27.0458 22.2729 5.14684
317 229 153 0 29.0742 25.5449 5.45912
318 229 178 0 31.4581 29.3902 5.82612
319 229 204 0 34.4024 34.1395 6.2794
320 229 229 0 37.6926 39.4468 6.78594
321 229 255 0 38.0355 40.6257 7.17306
322 255 25 0 28.2609 19.0104 4.66698
323 255 51 0 28.6869 19.6976 4.73257
324 255 76 0 29.4431 20.9173 4.84898
325 255 102 0 30.6215 22.8182 5.0304
326 255 127 0 32.154 25.2902 5.26633
327 255 153 0 34.1824 28.5621 5.57862
328 255 178 0 36.5663 32.4074 5.94562
329 255 204 0 39.5106 37.1567 6.3989
330 255 229 0 42.8009 42.464 6.90544
331 255 255 0 46.7119 48.7727 7.50755
332 255 25 25 28.2926 19.0325 4.85102
333 255 25 51 28.3595 19.053 5.25016
334 255 25 76 28.4783 19.0893 5.95861
335 255 25 102 28.6634 19.1458 7.06263
336 255 25 127 28.9041 19.2194 8.49838
337 255 25 153 29.2228 19.3168 10.3988
338 255 25 178 29.5973 19.4312 12.6322
339 255 25 204 30.0598 19.5725 15.3906
340 255 25 229 30.5767 19.7305 18.4731
341 255 25 255 31.191 19.9182 22.1372
342 255 51 25 28.7186 19.7197 4.91661
343 255 51 51 28.839 19.8039 5.61585
344 255 51 76 28.9578 19.8402 6.3243
345 255 51 102 29.1429 19.8967 7.42832
346 255 51 127 29.3836 19.9703 8.86407
347 255 51 153 29.7023 20.0677 10.7645
348 255 51 178 30.0767 20.1821 12.9978
349 255 51 204 30.5393 20.3234 15.7563
350 255 51 229 31.0561 20.4814 18.8388
351 255 51 255 31.6705 20.6691 22.5029
352 255 76 25 29.4748 20.9395 5.03302
353 255 76 51 29.5952 21.0236 5.73226
354 255 76 76 29.8088 21.173 6.97337
355 255 76 102 29.9939 21.2296 8.07739
356 255 76 127 30.2347 21.3031 9.51315
357 255 76 153 30.5533 21.4005 11.4135
358 255 76 178 30.9278 21.5149 13.6469
359 255 76 204 31.3903 21.6562 16.4053
360 255 76 229 31.9072 21.8142 19.4879
361 255 76 255 32.5216 22.0019 23.152
362 255 102 25 30.6532 22.8403 5.21444
363 255 102 51 30.7736 22.9245 5.91368
364 255 102 76 30.9872 23.0738 7.15479
365 255 102 102 31.3202 23.3066 9.08889
366 255 102 127 31.5609 23.3801 10.5246
367 255 102 153 31.8795 23.4775 12.425
368 255 102 178 32.254 23.5919 14.6584
369 255 102 204 32.7165 23.7333 17.4168
370 255 102 229 33.2334 23.8912 20.4994
371 255 102 255 33.8478 24.0789 24.1635
372 255 127 25 32.1857 25.3123 5.45037
373 255 127 51 32.3061 25.3965 6.14961
374 255 127 76 32.5197 25.5458 7.39072
375 255 127 102 32.8526 25.7785 9.32482
376 255 127 127 33.2856 26.0812 11.8401
377 255 127 153 33.6043 26.1786 13.7404
378 255 127 178 33.9788 26.293 15.9738
379 255 127 204 34.4413 26.4344 18.7322
380 255 127 229 34.9581 26.5923 21.8148
381 255 127 255 35.5725 26.78 25.4789
382 255 153 25 34.2141 28.5843 5.76266
383 255 153 51 34.3345 28.6684 6.4619
384 255 153 76 34.5481 28.8178 7.703
385 255 153 102 34.8811 29.0505 9.6371
386 255 153 127 35.3141 29.3532 12.1523
387 255 153 153 35.8872 29.7538 15.4816
388 255 153 178 36.2617 29.8682 17.7149
389 255 153 204 36.7242 30.0096 20.4734
390 255 153 229 37.241 30.1675 23.5559
391 255 153 255 37.8554 30.3553 27.22
392 255 178 25 36.598 32.4296 6.12966
393 255 178 51 36.7184 32.5137 6.8289
394 255 178 76 36.932 32.6631 8.07
395 255 178 102 37.265 32.8958 10.0041
396 255 178 127 37.6979 33.1985 12.5193
397 255 178 153 38.271 33.5991 15.8486
398 255 178 178 38.9446 34.0699 19.7611
399 255 178 204 39.4071 34.2113 22.5196
400 255 178 229 39.924 34.3692 25.6021
401 255 178 255 40.5383 34.5569 29.2662
402 255 204 25 39.5423 37.1788 6.58294
403 255 204 51 39.6626 37.263 7.28217
404 255 204 76 39.8763 37.4123 8.52328
405 255 204 102 40.2092 37.6451 10.4574
406 255 204 127 40.6422 37.9477 12.9726
407 255 204 153 41.2153 38.3484 16.3018
408 255 204 178 41.8888 38.8192 20.2144
409 255 204 204 42.7207 39.4007 25.0468
410 255 204 229 43.2376 39.5586 28.1294
411 255 204 255 43.852 39.7464 31.7935
412 255 229 25 42.8326 42.4862 7.08948
413 255 229 51 42.9529 42.5703 7.78872
414 255 229 76 43.1666 42.7197 9.02983
415 255 229 102 43.4995 42.9524 10.9639
416 255 229 127 43.9325 43.2551 13.4792
417 255 229 153 44.5056 43.6557 16.8084
418 255 229 178 45.1791 44.1266 20.721
419 255 229 204 46.011 44.7081 25.5533
420 255 229 229 46.9406 45.3579 30.9536
421 255 229 255 47.555 45.5457 34.6177
422 255 255 25 46.7436 48.7948 7.69159
423 255 255 51 46.8639 48.8789 8.39082
424 255 255 76 47.0776 49.0283 9.63193
425 255 255 102 47.4105 49.261 11.566
426 255 255 127 47.8435 49.5637 14.0813
427 255 255 153 48.4166 49.9643 17.4105
428 255 255 178 49.0901 50.4352 21.3231
429 255 255 204 49.922 51.0167 26.1554
430 255 255 229 50.8516 51.6665 31.5557
431 255 255 255 51.9566 52.439 37.9747
432 25 255 25 5.81074 10.3597 6.11356
433 25 255 51 5.89245 10.4077 6.62075
434 25 255 76 6.03747 10.493 7.52097
435 25 255 102 6.26347 10.6259 8.92385
436 25 255 127 6.55737 10.7987 10.7483
437 25 255 153 6.94639 11.0275 13.1631
438 25 255 178 7.40357 11.2964 16.001
439 25 255 204 7.96822 11.6284 19.5062
440 25 255 229 8.59923 11.9995 23.4232
441 25 255 255 9.34929 12.4406 28.0791
442 51 255 25 6.75589 11.2471 6.15
443 51 255 51 6.87625 11.3313 6.84924
444 51 255 76 7.02128 11.4166 7.74946
445 51 255 102 7.24727 11.5495 9.15234
446 51 255 127 7.54118 11.7223 10.9768
447 51 255 153 7.93019 11.9511 13.3916
448 51 255 178 8.38737 12.2199 16.2295
449 51 255 204 8.95203 12.552 19.7346
450 51 255 229 9.58304 12.9231 23.6517
451 51 255 255 10.3331 13.3642 28.3076
452 76 255 25 8.43345 12.8223 6.21467
453 76 255 51 8.55382 12.9065 6.91391
454 76 255 76 8.76747 13.0558 8.15501
455 76 255 102 8.99347 13.1887 9.5579
456 76 255 127 9.28737 13.3616 11.3823
457 76 255 153 9.67639 13.5904 13.7971
458 76 255 178 10.1336 13.8592 16.6351
459 76 255 204 10.6982 14.1913 20.1402
460 76 255 229 11.3292 14.5623 24.0572
461 76 255 255 12.0793 15.0034 28.7132
462 102 255 25 11.0477 15.2771 6.31545
463 102 255 51 11.1681 15.3612 7.01469
464 102 255 76 11.3817 15.5106 8.2558
465 102 255 102 11.7147 15.7433 10.1899
466 102 255 127 12.0086 15.9162 12.0143
467 102 255 153 12.3976 16.1449 14.4291
468 102 255 178 12.8548 16.4138 17.2671
469 102 255 204 13.4194 16.7459 20.7722
470 102 255 229 14.0504 17.1169 24.6892
471 102 255 255 14.8005 17.558 29.3452
472 127 255 25 14.4475 18.4694 6.44652
473 127 255 51 14.5679 18.5536 7.14576
474 127 255 76 14.7815 18.7029 8.38687
475 127 255 102 15.1145 18.9357 10.321
476 127 255 127 15.5474 19.2383 12.8362
477 127 255 153 15.9365 19.4671 15.251
478 127 255 178 16.3936 19.736 18.089
479 127 255 204 16.9583 20.068 21.5941
480 127 255 229 17.5893 20.4391 25.5111
481 127 255 255 18.3394 20.8802 30.1671
482 153 255 25 18.9475 22.6949 6.62
483 153 255 51 19.0679 22.779 7.31924
484 153 255 76 19.2815 22.9283 8.56035
485 153 255 102 19.6145 23.1611 10.4944
486 153 255 127 20.0475 23.4638 13.0097
487 153 255 153 20.6206 23.8644 16.3389
488 153 255 178 21.0777 24.1332 19.1769
489 153 255 204 21.6424 24.4653 22.682
490 153 255 229 22.2734 24.8364 26.599
491 153 255 255 23.0235 25.2775 31.255
492 178 255 25 24.236 27.6607 6.82388
493 178 255 51 24.3564 27.7448 7.52312
494 178 255 76 24.57 27.8942 8.76423
495 178 255 102 24.903 28.1269 10.6983
496 178 255 127 25.336 28.4296 13.2136
497 178 255 153 25.9091 28.8302 16.5428
498 178 255 178 26.5826 29.301 20.4554
499 178 255 204 27.1473 29.6331 23.9605
500 178 255 229 27.7783 30.0042 27.8775
501 178 255 255 28.5283 30.4453 32.5335
502 204 255 25 30.7678 33.7939 7.07569
503 204 255 51 30.8882 33.878 7.77493
504 204 255 76 31.1018 34.0274 9.01604
505 204 255 102 31.4348 34.2601 10.9501
506 204 255 127 31.8677 34.5628 13.4654
507 204 255 153 32.4409 34.9634 16.7946
508 204 255 178 33.1144 35.4342 20.7072
509 204 255 204 33.9462 36.0158 25.5395
510 204 255 229 34.5772 36.3868 29.4566
511 204 255 255 35.3273 36.8279 34.1125
512 229 255 25 38.0672 40.6478 7.3571
513 229 255 51 38.1875 40.732 8.05634
514 229 255 76 38.4012 40.8813 9.29744
515 229 255 102 38.7341 41.1141 11.2315
516 229 255 127 39.1671 41.4168 13.7468
517 229 255 153 39.7402 41.8174 17.076
518 229 255 178 40.4137 42.2882 20.9886
519 229 255 204 41.2456 42.8697 25.8209
520 229 255 229 42.1752 43.5196 31.2212
521 229 255 255 42.9253 43.9606 35.8772
522 25 25 255 6.19833 5.34682 16.6382
523 25 51 255 6.27109 5.51061 16.9023
524 25 76 255 6.40022 5.80134 17.3712
525 25 102 255 6.60147 6.2544 18.1019
526 25 127 255 6.86318 6.84359 19.0522
527 25 153 255 7.20958 7.62346 20.31
528 25 178 255 7.61669 8.53998 21.7882
529 25 204 255 8.11949 9.67195 23.6138
530 25 229 255 8.68139 10.937 25.654
531 51 25 255 6.77541 5.68327 16.7652
532 51 51 255 7.25489 6.43418 17.1308
533 51 76 255 7.38403 6.7249 17.5997
534 51 102 255 7.58527 7.17796 18.3304
535 51 127 255 7.84698 7.76716 19.2807
536 51 153 255 8.19339 8.54702 20.5385
537 51 178 255 8.60049 9.46354 22.0166
538 51 204 255 9.1033 10.5955 23.8423
539 51 229 255 9.66519 11.8605 25.8825
540 76 25 255 7.7997 6.28046 16.9905
541 76 51 255 8.27918 7.03136 17.3562
542 76 76 255 9.13022 8.36418 18.0053
543 76 102 255 9.33147 8.81724 18.736
544 76 127 255 9.59318 9.40643 19.6862
545 76 153 255 9.93958 10.1863 20.944
546 76 178 255 10.3467 11.1028 22.4222
547 76 204 255 10.8495 12.2348 24.2479
548 76 229 255 11.4114 13.4998 26.2881
549 102 25 255 9.39592 7.21109 17.3417
550 102 51 255 9.87539 7.962 17.7074
551 102 76 255 10.7264 9.29481 18.3565
552 102 102 255 12.0527 11.3718 19.368
553 102 127 255 12.3144 11.961 20.3182
554 102 153 255 12.6608 12.7409 21.576
555 102 178 255 13.0679 13.6574 23.0542
556 102 204 255 13.5707 14.7894 24.8799
557 102 229 255 14.1326 16.0544 26.9201
558 127 25 255 11.4717 8.42135 17.7985
559 127 51 255 11.9512 9.17226 18.1642
560 127 76 255 12.8023 10.5051 18.8132
561 127 102 255 14.1285 12.5821 19.8247
562 127 127 255 15.8532 15.2832 21.1401
563 127 153 255 16.1997 16.063 22.3979
564 127 178 255 16.6068 16.9796 23.8761
565 127 204 255 17.1096 18.1115 25.7018
566 127 229 255 17.6715 19.3765 27.742
567 153 25 255 14.2194 10.0233 18.403
568 153 51 255 14.6988 10.7742 18.7687
569 153 76 255 15.5499 12.107 19.4178
570 153 102 255 16.8761 14.184 20.4293
571 153 127 255 18.6009 16.8851 21.7447
572 153 153 255 20.8838 20.4603 23.4858
573 153 178 255 21.2909 21.3769 24.964
574 153 204 255 21.7937 22.5088 26.7897
575 153 229 255 22.3556 23.7738 28.8299
576 178 25 255 17.4484 11.9059 19.1135
577 178 51 255 17.9279 12.6568 19.4792
578 178 76 255 18.7789 13.9896 20.1283
579 178 102 255 20.1052 16.0666 21.1398
580 178 127 255 21.8299 18.7677 22.4552
581 178 153 255 24.1128 22.343 24.1963
582 178 178 255 26.7957 26.5446 26.2425
583 178 204 255 27.2985 27.6766 28.0682
584 178 229 255 27.8604 28.9416 30.1084
585 204 25 255 21.4366 14.2311 19.991
586 204 51 255 21.9161 14.982 20.3567
587 204 76 255 22.7671 16.3148 21.0058
588 204 102 255 24.0933 18.3918 22.0173
589 204 127 255 25.8181 21.0929 23.3327
590 204 153 255 28.101 24.6682 25.0738
591 204 178 255 30.7839 28.8698 27.12
592 204 204 255 34.0975 34.0593 29.6472
593 204 229 255 34.6594 35.3243 31.6874
594 229 25 255 25.8934 16.8296 20.9716
595 229 51 255 26.3729 17.5805 21.3373
596 229 76 255 27.2239 18.9133 21.9864
597 229 102 255 28.5502 20.9903 22.9979
598 229 127 255 30.2749 23.6914 24.3133
599 229 153 255 32.5578 27.2666 26.0544
600 229 178 255 35.2407 31.4683 28.1006
601 229 204 255 38.5543 36.6577 30.6278
602 229 229 255 42.2574 42.457 33.4521
END_DATA