CGATS.17
FORMAT_VERSION	2
MEASUREMENT_SOURCE	Simulated sRGB data
BEGIN_DATA_FORMAT
SampleID	RGB_R	RGB_G	RGB_B	XYZ_X	XYZ_Y	XYZ_Z
END_DATA_FORMAT
NUMBER_OF_SETS	602
BEGIN_DATA
1	0	0	0	0.000000	0.000000	0.000000
2	0	0	25	0.175449	0.070180	0.924033
3	0	0	51	0.597477	0.238991	3.146715
4	0	0	76	1.304368	0.521747	6.869672
5	0	0	102	2.398018	0.959207	12.629561
6	0	0	127	3.830357	1.532143	20.173216
7	0	0	153	5.749157	2.299663	30.278895
8	0	0	178	8.035026	3.214011	42.317805
9	0	0	204	10.897923	4.359169	57.395730
10	0	0	229	14.141352	5.656541	74.477786
11	0	0	255	18.048079	7.219232	95.053215
12	0	25	0	0.347616	0.695231	0.115872
13	0	25	25	0.523065	0.765411	1.039905
14	0	25	51	0.945093	0.934222	3.262586
15	0	25	76	1.651984	1.216978	6.985544
16	0	25	102	2.745633	1.654438	12.745433
17	0	25	127	4.177973	2.227374	20.289088
18	0	25	153	6.096773	2.994894	30.394767
19	0	25	178	8.382642	3.909242	42.433677
20	0	25	204	11.245539	5.054400	57.511602
21	0	25	229	14.488967	6.351772	74.593658
22	0	25	255	18.395694	7.914463	95.169087
23	0	51	0	1.183775	2.367549	0.394592
24	0	51	25	1.359224	2.437729	1.318624
25	0	51	51	1.781252	2.606540	3.541306
26	0	51	76	2.488143	2.889296	7.264263
27	0	51	102	3.581793	3.326756	13.024153
28	0	51	127	5.014132	3.899692	20.567807
29	0	51	153	6.932932	4.667212	30.673487
30	0	51	178	9.218801	5.581560	42.712396
31	0	51	204	12.081698	6.726719	57.790322
32	0	51	229	15.325126	8.024090	74.872378
33	0	51	255	19.231853	9.586781	95.447807
34	0	76	0	2.584328	5.168656	0.861443
35	0	76	25	2.759777	5.238836	1.785476
36	0	76	51	3.181806	5.407647	4.008157
37	0	76	76	3.888696	5.690404	7.731115
38	0	76	102	4.982346	6.127864	13.491004
39	0	76	127	6.414686	6.700799	21.034659
40	0	76	153	8.333486	7.468319	31.140338
41	0	76	178	10.619354	8.382667	43.179248
42	0	76	204	13.482252	9.527826	58.257173
43	0	76	229	16.725680	10.825197	75.339229
44	0	76	255	20.632407	12.387888	95.914658
45	0	102	0	4.751163	9.502326	1.583721
46	0	102	25	4.926612	9.572506	2.507754
47	0	102	51	5.348641	9.741317	4.730436
48	0	102	76	6.055531	10.024073	8.453393
49	0	102	102	7.149181	10.461533	14.213282
50	0	102	127	8.581521	11.034469	21.756937
51	0	102	153	10.500320	11.801989	31.862616
52	0	102	178	12.786189	12.716337	43.901526
53	0	102	204	15.649087	13.861496	58.979451
54	0	102	229	18.892515	15.158867	76.061507
55	0	102	255	22.799242	16.721558	96.636936
56	0	127	0	7.589040	15.178079	2.529680
57	0	127	25	7.764489	15.248259	3.453713
58	0	127	51	8.186517	15.417070	5.676394
59	0	127	76	8.893408	15.699826	9.399352
60	0	127	102	9.987057	16.137286	15.159241
61	0	127	127	11.419397	16.710222	22.702896
62	0	127	153	13.338197	17.477742	32.808575
63	0	127	178	15.624066	18.392090	44.847485
64	0	127	204	18.486963	19.537248	59.925410
65	0	127	229	21.730391	20.834620	77.007466
66	0	127	255	25.637118	22.397311	97.582895
67	0	153	0	11.390734	22.781468	3.796911
68	0	153	25	11.566183	22.851648	4.720944
69	0	153	51	11.988211	23.020459	6.943626
70	0	153	76	12.695102	23.303215	10.666583
71	0	153	102	13.788752	23.740675	16.426472
72	0	153	127	15.221091	24.313611	23.970127
73	0	153	153	17.139891	25.081131	34.075807
74	0	153	178	19.425760	25.995478	46.114716
75	0	153	204	22.288657	27.140637	61.192641
76	0	153	229	25.532086	28.438009	78.274698
77	0	153	255	29.438813	30.000699	98.850127
78	0	178	0	15.919698	31.839395	5.306566
79	0	178	25	16.095147	31.909575	6.230599
80	0	178	51	16.517175	32.078386	8.453280
81	0	178	76	17.224066	32.361142	12.176238
82	0	178	102	18.317715	32.798602	17.936127
83	0	178	127	19.750055	33.371538	25.479782
84	0	178	153	21.668855	34.139058	35.585461
85	0	178	178	23.954724	35.053406	47.624371
86	0	178	204	26.817621	36.198564	62.702296
87	0	178	229	30.061049	37.495936	79.784352
88	0	178	255	33.967776	39.058627	100.359781
89	0	204	0	21.591920	43.183840	7.197307
90	0	204	25	21.767369	43.254020	8.121340
91	0	204	51	22.189397	43.422831	10.344021
92	0	204	76	22.896288	43.705587	14.066978
93	0	204	102	23.989938	44.143047	19.826868
94	0	204	127	25.422277	44.715983	27.370523
95	0	204	153	27.341077	45.483503	37.476202
96	0	204	178	29.626946	46.397851	49.515112
97	0	204	204	32.489843	47.543009	64.593037
98	0	204	229	35.733272	48.840381	81.675093
99	0	204	255	39.639999	50.403072	102.250522
100	0	229	0	28.018084	56.036169	9.339361
101	0	229	25	28.193534	56.106348	10.263394
102	0	229	51	28.615562	56.275160	12.486076
103	0	229	76	29.322452	56.557916	16.209033
104	0	229	102	30.416102	56.995376	21.968923
105	0	229	127	31.848442	57.568312	29.512577
106	0	229	153	33.767242	58.335832	39.618257
107	0	229	178	36.053111	59.250179	51.657166
108	0	229	204	38.916008	60.395338	66.735091
109	0	229	229	42.159436	61.692709	83.817148
110	0	229	255	46.066163	63.255400	104.392577
111	0	255	0	35.758434	71.516868	11.919478
112	0	255	25	35.933883	71.587048	12.843511
113	0	255	51	36.355911	71.755859	15.066192
114	0	255	76	37.062802	72.038615	18.789150
115	0	255	102	38.156452	72.476075	24.549039
116	0	255	127	39.588791	73.049011	32.092694
117	0	255	153	41.507591	73.816531	42.198373
118	0	255	178	43.793460	74.730878	54.237283
119	0	255	204	46.656357	75.876037	69.315208
120	0	255	229	49.899786	77.173409	86.397264
121	0	255	255	53.806513	78.736099	106.972693
122	25	0	0	0.400894	0.206711	0.018792
123	25	0	25	0.576343	0.276891	0.942825
124	25	0	51	0.998371	0.445702	3.165506
125	25	0	76	1.705262	0.728458	6.888464
126	25	0	102	2.798912	1.165918	12.648353
127	25	0	127	4.231252	1.738854	20.192008
128	25	0	153	6.150051	2.506374	30.297687
129	25	0	178	8.435920	3.420722	42.336597
130	25	0	204	11.298817	4.565880	57.414522
131	25	0	229	14.542246	5.863252	74.496578
132	25	0	255	18.448973	7.425943	95.072007
133	25	25	0	0.748510	0.901942	0.134664
134	25	25	255	18.796588	8.121174	95.187879
135	25	51	0	1.584669	2.574260	0.413383
136	25	51	255	19.632748	9.793492	95.466599
137	25	76	0	2.985222	5.375367	0.880235
138	25	76	255	21.033301	12.594599	95.933450
139	25	102	0	5.152057	9.709037	1.602513
140	25	102	255	23.200136	16.928269	96.655728
141	25	127	0	7.989934	15.384790	2.548472
142	25	127	255	26.038012	22.604022	97.601687
143	25	153	0	11.791628	22.988179	3.815703
144	25	153	255	29.839707	30.207410	98.868918
145	25	178	0	16.320592	32.046106	5.325358
146	25	178	255	34.368670	39.265338	100.378573
147	25	204	0	21.992814	43.390551	7.216099
148	25	204	255	40.040893	50.609783	102.269314
149	25	229	0	28.418978	56.242880	9.358153
150	25	229	255	46.467057	63.462111	104.411369
151	25	255	0	36.159328	71.723579	11.938270
152	25	255	25	36.334777	71.793759	12.862303
153	25	255	51	36.756805	71.962570	15.084984
154	25	255	76	37.463696	72.245326	18.807942
155	25	255	102	38.557346	72.682786	24.567831
156	25	255	127	39.989685	73.255722	32.111486
157	25	255	153	41.908485	74.023242	42.217165
158	25	255	178	44.194354	74.937589	54.256075
159	25	255	204	47.057251	76.082748	69.334000
160	25	255	229	50.300680	77.380120	86.416056
161	25	255	255	54.207407	78.942810	106.991485
162	51	0	0	1.365210	0.703936	0.063994
163	51	0	25	1.540659	0.774116	0.988027
164	51	0	51	1.962688	0.942927	3.210709
165	51	0	76	2.669578	1.225684	6.933666
166	51	0	102	3.763228	1.663144	12.693555
167	51	0	127	5.195568	2.236079	20.237210
168	51	0	153	7.114367	3.003599	30.342890
169	51	0	178	9.400236	3.917947	42.381799
170	51	0	204	12.263134	5.063106	57.459724
171	51	0	229	15.506562	6.360477	74.541781
172	51	0	255	19.413289	7.923168	95.117209
173	51	25	0	1.712826	1.399167	0.179866
174	51	25	255	19.760904	8.618399	95.233081
175	51	51	0	2.548985	3.071486	0.458586
176	51	51	255	20.597064	10.290717	95.511801
177	51	76	0	3.949538	5.872593	0.925437
178	51	76	255	21.997617	13.091824	95.978652
179	51	102	0	6.116373	10.206263	1.647715
180	51	102	255	24.164452	17.425494	96.700930
181	51	127	0	8.954250	15.882016	2.593674
182	51	127	255	27.002328	23.101247	97.646889
183	51	153	0	12.755944	23.485404	3.860906
184	51	153	255	30.804023	30.704636	98.914121
185	51	178	0	17.284908	32.543331	5.370560
186	51	178	255	35.332986	39.762563	100.423775
187	51	204	0	22.957130	43.887776	7.261301
188	51	204	255	41.005209	51.107008	102.314516
189	51	229	0	29.383294	56.740105	9.403356
190	51	229	255	47.431373	63.959337	104.456571
191	51	255	0	37.123644	72.220804	11.983472
192	51	255	25	37.299093	72.290984	12.907505
193	51	255	51	37.721121	72.459795	15.130187
194	51	255	76	38.428012	72.742552	18.853144
195	51	255	102	39.521662	73.180012	24.613033
196	51	255	127	40.954001	73.752947	32.156688
197	51	255	153	42.872801	74.520467	42.262368
198	51	255	178	45.158670	75.434815	54.301277
199	51	255	204	48.021567	76.579974	69.379202
200	51	255	229	51.264996	77.877345	86.461259
201	51	255	255	55.171723	79.440036	107.036687
202	76	0	0	2.980425	1.536781	0.139707
203	76	0	25	3.155874	1.606961	1.063740
204	76	0	51	3.577902	1.775772	3.286422
205	76	0	76	4.284793	2.058529	7.009379
206	76	0	102	5.378443	2.495989	12.769269
207	76	0	127	6.810782	3.068924	20.312923
208	76	0	153	8.729582	3.836444	30.418603
209	76	0	178	11.015451	4.750792	42.457512
210	76	0	204	13.878348	5.895951	57.535437
211	76	0	229	17.121776	7.193322	74.617494
212	76	0	255	21.028503	8.756013	95.192923
213	76	25	0	3.328040	2.232012	0.255579
214	76	25	255	21.376119	9.451244	95.308794
215	76	51	0	4.164199	3.904331	0.534299
216	76	51	255	22.212278	11.123562	95.587514
217	76	76	0	5.564753	6.705438	1.001150
218	76	76	255	23.612832	13.924669	96.054365
219	76	102	0	7.731588	11.039108	1.723428
220	76	102	255	25.779667	18.258339	96.776644
221	76	127	0	10.569464	16.714860	2.669387
222	76	127	255	28.617543	23.934092	97.722602
223	76	153	0	14.371159	24.318249	3.936619
224	76	153	255	32.419237	31.537481	98.989834
225	76	178	0	18.900122	33.376176	5.446273
226	76	178	255	36.948201	40.595408	100.499488
227	76	204	0	24.572345	44.720621	7.337014
228	76	204	255	42.620423	51.939853	102.390229
229	76	229	0	30.998509	57.572950	9.479069
230	76	229	255	49.046588	64.792182	104.532284
231	76	255	0	38.738859	73.053649	12.059185
232	76	255	25	38.914308	73.123829	12.983218
233	76	255	51	39.336336	73.292640	15.205900
234	76	255	76	40.043227	73.575397	18.928857
235	76	255	102	41.136877	74.012857	24.688747
236	76	255	127	42.569216	74.585792	32.232401
237	76	255	153	44.488016	75.353312	42.338081
238	76	255	178	46.773885	76.267660	54.376990
239	76	255	204	49.636782	77.412819	69.454915
240	76	255	229	52.880210	78.710190	86.536972
241	76	255	255	56.786937	80.272881	107.112401
242	102	0	0	5.479367	2.825299	0.256845
243	102	0	25	5.654817	2.895478	1.180878
244	102	0	51	6.076845	3.064290	3.403560
245	102	0	76	6.783735	3.347046	7.126517
246	102	0	102	7.877385	3.784506	12.886407
247	102	0	127	9.309725	4.357442	20.430061
248	102	0	153	11.228525	5.124962	30.535741
249	102	0	178	13.514394	6.039309	42.574650
250	102	0	204	16.377291	7.184468	57.652575
251	102	0	229	19.620719	8.481840	74.734632
252	102	0	255	23.527446	10.044530	95.310061
253	102	25	0	5.826983	3.520530	0.372717
254	102	25	255	23.875062	10.739761	95.425932
255	102	51	0	6.663142	5.192848	0.651437
256	102	51	255	24.711221	12.412080	95.704652
257	102	76	0	8.063696	7.993955	1.118288
258	102	76	255	26.111774	15.213187	96.171503
259	102	102	0	10.230530	12.327625	1.840566
260	102	102	255	28.278609	19.546857	96.893782
261	102	127	0	13.068407	18.003378	2.786525
262	102	127	255	31.116486	25.222609	97.839740
263	102	153	0	16.870101	25.606767	4.053757
264	102	153	255	34.918180	32.825998	99.106972
265	102	178	0	21.399065	34.664694	5.563411
266	102	178	255	39.447144	41.883925	100.616626
267	102	204	0	27.071287	46.009139	7.454152
268	102	204	255	45.119366	53.228370	102.507367
269	102	229	0	33.497452	58.861467	9.596207
270	102	229	255	51.545531	66.080699	104.649422
271	102	255	0	41.237801	74.342167	12.176323
272	102	255	25	41.413251	74.412346	13.100356
273	102	255	51	41.835279	74.581158	15.323038
274	102	255	76	42.542169	74.863914	19.045995
275	102	255	102	43.635819	75.301374	24.805884
276	102	255	127	45.068159	75.874310	32.349539
277	102	255	153	46.986959	76.641830	42.455219
278	102	255	178	49.272828	77.556177	54.494128
279	102	255	204	52.135725	78.701336	69.572053
280	102	255	229	55.379153	79.998707	86.654110
281	102	255	255	59.285880	81.561398	107.229539
282	127	0	0	8.752201	4.512854	0.410259
283	127	0	25	8.927650	4.583033	1.334292
284	127	0	51	9.349679	4.751845	3.556974
285	127	0	76	10.056569	5.034601	7.279931
286	127	0	102	11.150219	5.472061	13.039821
287	127	0	127	12.582559	6.044997	20.583475
288	127	0	153	14.501359	6.812517	30.689155
289	127	0	178	16.787227	7.726864	42.728064
290	127	0	204	19.650125	8.872023	57.805989
291	127	0	229	22.893553	10.169394	74.888046
292	127	0	255	26.800280	11.732085	95.463475
293	127	25	0	9.099817	5.208085	0.526131
294	127	25	255	27.147896	12.427316	95.579346
295	127	51	0	9.935976	6.880403	0.804851
296	127	51	255	27.984055	14.099634	95.858066
297	127	76	0	11.336529	9.681510	1.271702
298	127	76	255	29.384608	16.900742	96.324917
299	127	102	0	13.503364	14.015180	1.993980
300	127	102	255	31.551443	21.234411	97.047196
301	127	127	0	16.341241	19.690933	2.939939
302	127	127	255	34.389320	26.910164	97.993154
303	127	153	0	20.142935	27.294322	4.207171
304	127	153	255	38.191014	34.513553	99.260386
305	127	178	0	24.671899	36.352249	5.716825
306	127	178	255	42.719978	43.571480	100.770040
307	127	204	0	30.344121	47.696694	7.607566
308	127	204	255	48.392200	54.915925	102.660781
309	127	229	0	36.770286	60.549022	9.749621
310	127	229	255	54.818364	67.768254	104.802836
311	127	255	0	44.510635	76.029722	12.329737
312	127	255	25	44.686084	76.099901	13.253770
313	127	255	51	45.108113	76.268713	15.476452
314	127	255	76	45.815003	76.551469	19.199409
315	127	255	102	46.908653	76.988929	24.959299
316	127	255	127	48.340993	77.561865	32.502953
317	127	255	153	50.259792	78.329385	42.608633
318	127	255	178	52.545661	79.243732	54.647542
319	127	255	204	55.408559	80.388891	69.725467
320	127	255	229	58.651987	81.686262	86.807524
321	127	255	255	62.558714	83.248953	107.382953
322	153	0	0	13.136576	6.773547	0.615777
323	153	0	25	13.312025	6.843727	1.539810
324	153	0	51	13.734053	7.012538	3.762492
325	153	0	76	14.440944	7.295294	7.485449
326	153	0	102	15.534594	7.732754	13.245338
327	153	0	127	16.966933	8.305690	20.788993
328	153	0	153	18.885733	9.073210	30.894672
329	153	0	178	21.171602	9.987558	42.933582
330	153	0	204	24.034499	11.132716	58.011507
331	153	0	229	27.277928	12.430088	75.093563
332	153	0	255	31.184655	13.992779	95.668992
333	153	25	0	13.484192	7.468778	0.731649
334	153	25	255	31.532270	14.688010	95.784864
335	153	51	0	14.320351	9.141096	1.010369
336	153	51	255	32.368429	16.360328	96.063584
337	153	76	0	15.720904	11.942203	1.477220
338	153	76	255	33.768983	19.161435	96.530435
339	153	102	0	17.887739	16.275873	2.199498
340	153	102	255	35.935818	23.495105	97.252713
341	153	127	0	20.725616	21.951626	3.145457
342	153	127	255	38.773694	29.170858	98.198672
343	153	153	0	24.527310	29.555015	4.412688
344	153	153	255	42.575389	36.774246	99.465904
345	153	178	0	29.056274	38.612942	5.922343
346	153	178	255	47.104352	45.832174	100.975558
347	153	204	0	34.728496	49.957387	7.813084
348	153	204	255	52.776575	57.176619	102.866299
349	153	229	0	41.154660	62.809716	9.955138
350	153	229	255	59.202739	70.028947	105.008354
351	153	255	0	48.895010	78.290415	12.535255
352	153	255	25	49.070459	78.360595	13.459288
353	153	255	51	49.492487	78.529406	15.681969
354	153	255	76	50.199378	78.812162	19.404927
355	153	255	102	51.293028	79.249622	25.164816
356	153	255	127	52.725367	79.822558	32.708471
357	153	255	153	54.644167	80.590078	42.814150
358	153	255	178	56.930036	81.504425	54.853060
359	153	255	204	59.792933	82.649584	69.930985
360	153	255	229	63.036362	83.946956	87.013041
361	153	255	255	66.943089	85.509646	107.588470
362	178	0	0	18.359688	9.466714	0.860610
363	178	0	25	18.535137	9.536894	1.784643
364	178	0	51	18.957165	9.705705	4.007325
365	178	0	76	19.664056	9.988461	7.730282
366	178	0	102	20.757706	10.425921	13.490172
367	178	0	127	22.190045	10.998857	21.033826
368	178	0	153	24.108845	11.766377	31.139506
369	178	0	178	26.394714	12.680724	43.178415
370	178	0	204	29.257611	13.825883	58.256340
371	178	0	229	32.501039	15.123255	75.338397
372	178	0	255	36.407766	16.685945	95.913826
373	178	25	0	18.707303	10.161945	0.976482
374	178	25	255	36.755382	17.381176	96.029697
375	178	51	0	19.543462	11.834263	1.255202
376	178	51	255	37.591541	19.053495	96.308417
377	178	76	0	20.944016	14.635370	1.722053
378	178	76	255	38.992095	21.854602	96.775268
379	178	102	0	23.110851	18.969040	2.444331
380	178	102	255	41.158930	26.188272	97.497547
381	178	127	0	25.948727	24.644793	3.390290
382	178	127	255	43.996806	31.864025	98.443505
383	178	153	0	29.750422	32.248182	4.657522
384	178	153	255	47.798500	39.467413	99.710737
385	178	178	0	34.279385	41.306109	6.167176
386	178	178	255	52.327464	48.525340	101.220391
387	178	204	0	39.951608	52.650554	8.057917
388	178	204	255	57.999686	59.869785	103.111132
389	178	229	0	46.377772	65.502883	10.199972
390	178	229	255	64.425851	72.722114	105.253187
391	178	255	0	54.118122	80.983582	12.780088
392	178	255	25	54.293571	81.053762	13.704121
393	178	255	51	54.715599	81.222573	15.926803
394	178	255	76	55.422490	81.505329	19.649760
395	178	255	102	56.516140	81.942789	25.409650
396	178	255	127	57.948479	82.515725	32.953304
397	178	255	153	59.867279	83.283245	43.058984
398	178	255	178	62.153148	84.197592	55.097893
399	178	255	204	65.016045	85.342751	70.175818
400	178	255	229	68.259473	86.640123	87.257875
401	178	255	255	72.166200	88.202813	107.833304
402	204	0	0	24.901284	12.839725	1.167248
403	204	0	25	25.076733	12.909904	2.091281
404	204	0	51	25.498761	13.078715	4.313962
405	204	0	76	26.205652	13.361472	8.036919
406	204	0	102	27.299302	13.798932	13.796809
407	204	0	127	28.731641	14.371867	21.340464
408	204	0	153	30.650441	15.139387	31.446143
409	204	0	178	32.936310	16.053735	43.485053
410	204	0	204	35.799207	17.198894	58.562978
411	204	0	229	39.042636	18.496265	75.645034
412	204	0	255	42.949363	20.058956	96.220463
413	204	25	0	25.248899	13.534956	1.283120
414	204	25	255	43.296978	20.754187	96.336335
415	204	51	0	26.085058	15.207274	1.561839
416	204	51	255	44.133137	22.426505	96.615054
417	204	76	0	27.485612	18.008381	2.028690
418	204	76	255	45.533691	25.227612	97.081906
419	204	102	0	29.652447	22.342051	2.750969
420	204	102	255	47.700526	29.561282	97.804184
421	204	127	0	32.490323	28.017804	3.696928
422	204	127	255	50.538402	35.237035	98.750143
423	204	153	0	36.292018	35.621192	4.964159
424	204	153	255	54.340097	42.840424	100.017374
425	204	178	0	40.820981	44.679120	6.473814
426	204	178	255	58.869060	51.898351	101.527029
427	204	204	0	46.493204	56.023565	8.364554
428	204	204	255	64.541283	63.242796	103.417770
429	204	229	0	52.919368	68.875893	10.506609
430	204	229	255	70.967447	76.095125	105.559824
431	204	255	0	60.659718	84.356592	13.086726
432	204	255	25	60.835167	84.426772	14.010759
433	204	255	51	61.257195	84.595583	16.233440
434	204	255	76	61.964086	84.878340	19.956397
435	204	255	102	63.057736	85.315800	25.716287
436	204	255	127	64.490075	85.888735	33.259942
437	204	255	153	66.408875	86.656255	43.365621
438	204	255	178	68.694744	87.570603	55.404531
439	204	255	204	71.557641	88.715762	70.482456
440	204	255	229	74.801070	90.013133	87.564512
441	204	255	255	78.707797	91.575824	108.139941
442	229	0	0	32.312378	16.661070	1.514643
443	229	0	25	32.487827	16.731249	2.438676
444	229	0	51	32.909855	16.900061	4.661357
445	229	0	76	33.616746	17.182817	8.384314
446	229	0	102	34.710396	17.620277	14.144204
447	229	0	127	36.142735	18.193213	21.687859
448	229	0	153	38.061535	18.960733	31.793538
449	229	0	178	40.347404	19.875080	43.832448
450	229	0	204	43.210301	21.020239	58.910373
451	229	0	229	46.453729	22.317610	75.992429
452	229	0	255	50.360456	23.880301	96.567858
453	229	25	0	32.659993	17.356301	1.630515
454	229	25	255	50.708072	24.575532	96.683730
455	229	51	0	33.496152	19.028619	1.909234
456	229	51	255	51.544231	26.247850	96.962449
457	229	76	0	34.896706	21.829726	2.376085
458	229	76	255	52.944785	29.048958	97.429301
459	229	102	0	37.063541	26.163396	3.098364
460	229	102	255	55.111620	33.382627	98.151579
461	229	127	0	39.901417	31.839149	4.044323
462	229	127	255	57.949496	39.058380	99.097538
463	229	153	0	43.703112	39.442538	5.311554
464	229	153	255	61.751190	46.661769	100.364769
465	229	178	0	48.232075	48.500465	6.821209
466	229	178	255	66.280154	55.719696	101.874424
467	229	204	0	53.904298	59.844910	8.711949
468	229	204	255	71.952376	67.064141	103.765165
469	229	229	0	60.330462	72.697238	10.854004
470	229	229	255	78.378541	79.916470	105.907219
471	229	255	0	68.070812	88.177938	13.434121
472	229	255	25	68.246261	88.248117	14.358154
473	229	255	51	68.668289	88.416929	16.580835
474	229	255	76	69.375180	88.699685	20.303792
475	229	255	102	70.468829	89.137145	26.063682
476	229	255	127	71.901169	89.710081	33.607337
477	229	255	153	73.819969	90.477601	43.713016
478	229	255	178	76.105838	91.391948	55.751926
479	229	255	204	78.968735	92.537107	70.829851
480	229	255	229	82.212163	93.834478	87.911907
481	229	255	255	86.118890	95.397169	108.487336
482	255	0	0	41.239080	21.263901	1.933082
483	255	0	25	41.414529	21.334080	2.857115
484	255	0	51	41.836557	21.502892	5.079796
485	255	0	76	42.543448	21.785648	8.802754
486	255	0	102	43.637098	22.223108	14.562643
487	255	0	127	45.069437	22.796044	22.106298
488	255	0	153	46.988237	23.563564	32.211977
489	255	0	178	49.274106	24.477911	44.250887
490	255	0	204	52.137003	25.623070	59.328812
491	255	0	229	55.380432	26.920441	76.410868
492	255	0	255	59.287159	28.483132	96.986297
493	255	25	0	41.586695	21.959132	2.048954
494	255	25	25	41.762145	22.029311	2.972987
495	255	25	51	42.184173	22.198123	5.195668
496	255	25	76	42.891063	22.480879	8.918625
497	255	25	102	43.984713	22.918339	14.678515
498	255	25	127	45.417053	23.491275	22.222170
499	255	25	153	47.335853	24.258795	32.327849
500	255	25	178	49.621722	25.173142	44.366759
501	255	25	204	52.484619	26.318301	59.444684
502	255	25	229	55.728047	27.615672	76.526740
503	255	25	255	59.634774	29.178363	97.102169
504	255	51	0	42.422855	23.631450	2.327673
505	255	51	25	42.598304	23.701630	3.251706
506	255	51	51	43.020332	23.870441	5.474388
507	255	51	76	43.727223	24.153197	9.197345
508	255	51	102	44.820872	24.590657	14.957235
509	255	51	127	46.253212	25.163593	22.500889
510	255	51	153	48.172012	25.931113	32.606569
511	255	51	178	50.457881	26.845460	44.645478
512	255	51	204	53.320778	27.990619	59.723403
513	255	51	229	56.564206	29.287991	76.805460
514	255	51	255	60.470933	30.850681	97.380889
515	255	76	0	43.823408	26.432557	2.794525
516	255	76	25	43.998857	26.502737	3.718558
517	255	76	51	44.420886	26.671548	5.941239
518	255	76	76	45.127776	26.954304	9.664196
519	255	76	102	46.221426	27.391764	15.424086
520	255	76	127	47.653766	27.964700	22.967740
521	255	76	153	49.572565	28.732220	33.073420
522	255	76	178	51.858434	29.646567	45.112330
523	255	76	204	54.721332	30.791726	60.190255
524	255	76	229	57.964760	32.089098	77.272311
525	255	76	255	61.871487	33.651789	97.847740
526	255	102	0	45.990243	30.766227	3.516803
527	255	102	25	46.165692	30.836407	4.440836
528	255	102	51	46.587720	31.005218	6.663517
529	255	102	76	47.294611	31.287974	10.386475
530	255	102	102	48.388261	31.725434	16.146364
531	255	102	127	49.820600	32.298370	23.690019
532	255	102	153	51.739400	33.065890	33.795698
533	255	102	178	54.025269	33.980237	45.834608
534	255	102	204	56.888166	35.125396	60.912533
535	255	102	229	60.131595	36.422768	77.994589
536	255	102	255	64.038322	37.985458	98.570018
537	255	127	0	48.828119	36.441980	4.462762
538	255	127	25	49.003569	36.512159	5.386795
539	255	127	51	49.425597	36.680971	7.609476
540	255	127	76	50.132488	36.963727	11.332433
541	255	127	102	51.226137	37.401187	17.092323
542	255	127	127	52.658477	37.974123	24.635978
543	255	127	153	54.577277	38.741643	34.741657
544	255	127	178	56.863146	39.655990	46.780567
545	255	127	204	59.726043	40.801149	61.858492
546	255	127	229	62.969471	42.098520	78.940548
547	255	127	255	66.876198	43.661211	99.515977
548	255	153	0	52.629814	44.045368	5.729993
549	255	153	25	52.805263	44.115548	6.654026
550	255	153	51	53.227291	44.284359	8.876708
551	255	153	76	53.934182	44.567116	12.599665
552	255	153	102	55.027832	45.004576	18.359554
553	255	153	127	56.460171	45.577511	25.903209
554	255	153	153	58.378971	46.345031	36.008889
555	255	153	178	60.664840	47.259379	48.047798
556	255	153	204	63.527737	48.404538	63.125723
557	255	153	229	66.771166	49.701909	80.207780
558	255	153	255	70.677893	51.264600	100.783208
559	255	178	0	57.158777	53.103296	7.239648
560	255	178	25	57.334227	53.173475	8.163681
561	255	178	51	57.756255	53.342287	10.386362
562	255	178	76	58.463145	53.625043	14.109319
563	255	178	102	59.556795	54.062503	19.869209
564	255	178	127	60.989135	54.635439	27.412864
565	255	178	153	62.907935	55.402959	37.518543
566	255	178	178	65.193804	56.317306	49.557453
567	255	178	204	68.056701	57.462465	64.635378
568	255	178	229	71.300129	58.759836	81.717434
569	255	178	255	75.206856	60.322527	102.292863
570	255	204	0	62.831000	64.447741	9.130389
571	255	204	25	63.006449	64.517920	10.054422
572	255	204	51	63.428477	64.686732	12.277103
573	255	204	76	64.135368	64.969488	16.000060
574	255	204	102	65.229018	65.406948	21.759950
575	255	204	127	66.661357	65.979884	29.303604
576	255	204	153	68.580157	66.747404	39.409284
577	255	204	178	70.866026	67.661751	51.448194
578	255	204	204	73.728923	68.806910	66.526119
579	255	204	229	76.972352	70.104281	83.608175
580	255	204	255	80.879079	71.666972	104.183604
581	255	229	0	69.257164	77.300069	11.272443
582	255	229	25	69.432614	77.370249	12.196476
583	255	229	51	69.854642	77.539060	14.419158
584	255	229	76	70.561532	77.821817	18.142115
585	255	229	102	71.655182	78.259276	23.902004
586	255	229	127	73.087522	78.832212	31.445659
587	255	229	153	75.006322	79.599732	41.551339
588	255	229	178	77.292191	80.514080	53.590248
589	255	229	204	80.155088	81.659239	68.668173
590	255	229	229	83.398516	82.956610	85.750230
591	255	229	255	87.305243	84.519301	106.325659
592	255	255	0	76.997514	92.780768	13.852560
593	255	255	25	77.172963	92.850948	14.776593
594	255	255	51	77.594991	93.019759	16.999274
595	255	255	76	78.301882	93.302516	20.722232
596	255	255	102	79.395532	93.739976	26.482121
597	255	255	127	80.827871	94.312911	34.025776
598	255	255	153	82.746671	95.080431	44.131455
599	255	255	178	85.032540	95.994779	56.170365
600	255	255	204	87.895437	97.139938	71.248290
601	255	255	229	91.138866	98.437309	88.330346
602	255	255	255	95.045593	100.000000	108.905775
END_DATA
