CGATS.17
FORMAT_VERSION	2
CREATED	2017-10-17 15:05:08 UTC+9
PRODUCT	MOBILE PHONE
DISPLAY_TYPE	RGBW LCD
INSTRUMENT	Konica-Minolta	CA-410		
SYNC_MODE	INT	60 Hz
MEASUREMENT_SPEED	FAST
AVERAGING_TIMES	5
AMBIENT_TEMPERATURE	24
KEYWORD	SampleID
NUMBER_OF_FIELDS	7
BEGIN_DATA_FORMAT
SampleID	RGB_R	RGB_G	RGB_B	XYZ_X	XYZ_Y	XYZ_Z
END_DATA_FORMAT
NUMBER_OF_SETS	602
BEGIN_DATA
1	0	0	0	0.747	0.724	1.639
2	0	0	25	1.393	0.970	5.157
3	0	0	51	4.645	2.193	22.859
4	0	0	76	10.644	4.473	55.300
5	0	0	102	20.531	8.307	107.751
6	0	0	127	32.745	13.080	172.913
7	0	0	153	47.352	18.860	249.474
8	0	0	178	58.047	22.989	305.290
9	0	0	204	59.171	24.078	306.042
10	0	0	229	60.236	25.094	306.742
11	0	0	255	61.278	26.196	307.456
12	0	25	0	1.440	2.477	1.849
13	0	25	25	2.664	3.467	7.266
14	0	25	51	6.703	5.975	26.913
15	0	25	76	13.563	9.333	62.419
16	0	25	102	24.213	14.195	117.611
17	0	25	127	35.691	19.511	177.081
18	0	25	153	51.982	26.993	260.400
19	0	25	178	61.179	31.399	306.352
20	0	25	204	62.855	34.088	307.545
21	0	25	229	63.916	35.854	308.251
22	0	25	255	66.214	38.448	310.260
23	0	51	0	5.557	12.920	3.113
24	0	51	25	7.596	15.519	9.864
25	0	51	51	12.139	18.866	30.722
26	0	51	76	19.505	23.560	66.292
27	0	51	102	31.201	30.598	123.672
28	0	51	127	44.304	37.332	190.421
29	0	51	153	60.377	46.296	269.727
30	0	51	178	68.747	51.684	308.139
31	0	51	204	70.261	54.036	309.200
32	0	51	229	71.828	56.798	310.175
33	0	51	255	74.012	61.123	311.334
34	0	76	0	12.826	31.353	5.404
35	0	76	25	16.152	36.385	14.530
36	0	76	51	21.427	41.030	36.941
37	0	76	76	30.021	47.471	76.151
38	0	76	102	40.454	53.961	126.888
39	0	76	127	55.849	63.174	202.454
40	0	76	153	71.224	71.560	279.362
41	0	76	178	78.960	78.280	310.903
42	0	76	204	80.306	80.688	311.723
43	0	76	229	82.403	84.945	312.773
44	0	76	255	84.199	88.248	313.882
45	0	102	0	24.221	60.237	9.034
46	0	102	25	27.793	65.460	19.266
47	0	102	51	34.448	72.337	45.135
48	0	102	76	44.838	82.224	87.563
49	0	102	102	55.936	89.970	139.535
50	0	102	127	71.153	100.005	212.083
51	0	102	153	88.798	110.035	299.541
52	0	102	178	93.633	116.004	315.152
53	0	102	204	95.385	120.103	315.800
54	0	102	229	98.147	126.271	317.011
55	0	102	255	100.288	131.084	317.904
56	0	127	0	40.376	101.138	14.420
57	0	127	25	44.221	106.610	25.816
58	0	127	51	51.330	114.083	53.182
59	0	127	76	59.904	120.166	93.141
60	0	127	102	72.587	128.725	153.259
61	0	127	127	87.038	137.780	223.282
62	0	127	153	105.739	150.974	309.916
63	0	127	178	109.752	157.346	319.922
64	0	127	204	112.020	162.867	320.732
65	0	127	229	114.385	168.585	321.648
66	0	127	255	117.202	174.920	322.946
67	0	153	0	58.232	146.560	20.252
68	0	153	25	62.622	152.773	33.427
69	0	153	51	70.140	160.092	63.842
70	0	153	76	81.174	170.523	109.265
71	0	153	102	93.003	179.076	164.129
72	0	153	127	110.059	190.840	244.472
73	0	153	153	125.412	199.492	320.757
74	0	153	178	127.888	204.061	326.031
75	0	153	204	127.899	204.082	326.062
76	0	153	229	127.989	204.155	326.136
77	0	153	255	128.209	204.371	326.362
78	0	178	0	72.602	183.305	25.857
79	0	178	25	75.415	184.428	41.042
80	0	178	51	81.752	186.845	75.515
81	0	178	76	90.046	189.948	120.787
82	0	178	102	101.386	194.221	182.536
83	0	178	127	115.068	199.323	256.991
84	0	178	153	127.822	203.940	325.968
85	0	178	178	127.808	203.914	325.941
86	0	178	204	127.802	203.902	325.936
87	0	178	229	127.800	203.889	325.956
88	0	178	255	127.902	203.981	326.062
89	0	204	0	72.799	183.279	27.186
90	0	204	25	75.912	184.500	44.039
91	0	204	51	82.839	187.133	81.741
92	0	204	76	90.571	190.036	123.914
93	0	204	102	103.051	194.717	191.923
94	0	204	127	116.012	199.527	262.478
95	0	204	153	127.735	203.767	325.847
96	0	204	178	127.740	203.773	325.873
97	0	204	204	127.736	203.763	325.869
98	0	204	229	127.722	203.740	325.841
99	0	204	255	127.756	203.769	325.921
100	0	229	0	73.078	183.306	28.898
101	0	229	25	76.606	184.676	48.036
102	0	229	51	83.643	187.315	86.428
103	0	229	76	92.382	190.615	134.046
104	0	229	102	103.963	194.979	197.096
105	0	229	127	117.898	200.126	272.972
106	0	229	153	127.687	203.661	325.815
107	0	229	178	127.693	203.669	325.839
108	0	229	204	127.666	203.623	325.779
109	0	229	229	127.664	203.617	325.782
110	0	229	255	127.671	203.626	325.805
111	0	255	0	73.114	183.231	29.311
112	0	255	25	77.492	184.918	53.091
113	0	255	51	85.109	187.801	94.581
114	0	255	76	93.404	190.920	139.808
115	0	255	102	105.954	195.619	208.185
116	0	255	127	120.537	201.024	287.481
117	0	255	153	127.632	203.543	325.752
118	0	255	178	127.630	203.537	325.753
119	0	255	204	127.624	203.528	325.747
120	0	255	229	127.627	203.529	325.761
121	0	255	255	127.611	203.503	325.728
122	25	0	0	1.948	1.332	1.661
123	25	0	25	2.907	1.761	4.220
124	25	0	51	6.051	3.003	18.845
125	25	0	76	13.235	5.805	53.549
126	25	0	102	22.271	9.327	98.584
127	25	0	127	34.725	14.187	161.370
128	25	0	153	49.047	19.762	235.296
129	25	0	178	63.273	25.368	304.390
130	25	0	204	64.419	26.247	304.770
131	25	0	229	66.388	27.774	305.585
132	25	0	255	68.968	29.547	306.307
133	51	0	0	7.812	4.300	1.766
134	51	0	25	10.485	5.613	3.596
135	51	0	51	14.739	7.414	18.412
136	51	0	76	21.828	10.255	49.461
137	51	0	102	31.368	14.006	94.209
138	51	0	127	43.801	18.909	153.182
139	51	0	153	59.734	25.189	226.552
140	51	0	178	75.468	31.240	302.490
141	51	0	204	78.113	32.877	304.644
142	51	0	229	80.999	34.639	305.099
143	51	0	255	83.091	36.219	305.891
144	76	0	0	20.602	10.772	1.998
145	76	0	25	22.929	11.921	3.342
146	76	0	51	28.743	14.559	16.219
147	76	0	76	36.147	17.632	44.290
148	76	0	102	46.652	21.878	88.803
149	76	0	127	58.983	26.790	143.496
150	76	0	153	76.001	33.449	223.510
151	76	0	178	92.468	39.802	299.430
152	76	0	204	95.539	41.364	304.469
153	76	0	229	99.977	43.945	305.042
154	76	0	255	103.101	45.830	305.480
155	102	0	0	39.938	20.557	2.344
156	102	0	25	43.326	22.256	3.179
157	102	0	51	48.356	24.554	13.771
158	102	0	76	56.422	28.001	40.262
159	102	0	102	68.870	33.215	85.525
160	102	0	127	83.344	39.167	142.247
161	102	0	153	98.758	45.281	210.132
162	102	0	178	118.145	52.994	290.809
163	102	0	204	122.803	54.986	304.603
164	102	0	229	127.441	57.559	305.080
165	102	0	255	131.510	59.927	305.542
166	127	0	0	66.402	33.962	2.823
167	127	0	25	69.051	35.300	3.123
168	127	0	51	75.101	38.149	12.391
169	127	0	76	81.757	40.949	36.154
170	127	0	102	93.371	45.766	80.481
171	127	0	127	108.995	52.416	132.811
172	127	0	153	127.432	60.057	201.462
173	127	0	178	144.784	66.796	279.934
174	127	0	204	154.988	71.236	305.078
175	127	0	229	156.358	72.016	305.190
176	127	0	255	163.910	76.049	305.644
177	153	0	0	94.917	48.427	3.349
178	153	0	25	100.192	51.106	3.496
179	153	0	51	106.873	54.311	11.726
180	153	0	76	115.040	57.907	34.671
181	153	0	102	125.667	62.368	73.456
182	153	0	127	138.914	67.806	126.710
183	153	0	153	153.692	73.702	192.247
184	153	0	178	168.114	78.970	270.892
185	153	0	204	174.423	81.138	305.312
186	153	0	229	174.438	81.177	305.403
187	153	0	255	174.537	81.311	305.536
188	178	0	0	119.051	60.742	3.839
189	178	0	25	119.088	60.761	3.852
190	178	0	51	120.286	61.217	10.330
191	178	0	76	123.924	62.581	30.220
192	178	0	102	130.592	65.079	66.687
193	178	0	127	139.550	68.432	115.634
194	178	0	153	153.198	73.509	190.046
195	178	0	178	166.512	78.378	262.769
196	178	0	204	174.308	81.085	305.237
197	178	0	229	174.286	81.075	305.230
198	178	0	255	174.276	81.095	305.277
199	204	0	0	118.954	60.693	3.838
200	204	0	25	118.995	60.715	3.839
201	204	0	51	119.800	61.024	8.107
202	204	0	76	123.158	62.285	26.440
203	204	0	102	129.343	64.603	60.208
204	204	0	127	138.210	67.924	108.617
205	204	0	153	151.023	72.696	178.541
206	204	0	178	165.228	77.907	256.056
207	204	0	204	174.253	81.057	305.263
208	204	0	229	174.223	81.043	305.229
209	204	0	255	174.190	81.027	305.208
210	229	0	0	118.916	60.674	3.838
211	229	0	25	118.960	60.697	3.839
212	229	0	51	119.524	60.912	6.925
213	229	0	76	122.405	61.996	22.604
214	229	0	102	128.736	64.366	57.272
215	229	0	127	137.223	67.548	103.559
216	229	0	153	149.494	72.119	170.630
217	229	0	178	162.768	77.001	243.100
218	229	0	204	174.161	81.012	305.206
219	229	0	229	174.158	81.012	305.223
220	229	0	255	174.118	80.993	305.167
221	255	0	0	118.865	60.648	3.838
222	255	0	25	118.891	60.662	3.838
223	255	0	51	119.351	60.840	6.268
224	255	0	76	121.865	61.784	20.074
225	255	0	102	127.808	64.013	52.423
226	255	0	127	136.007	67.082	97.330
227	255	0	153	147.326	71.307	159.079
228	255	0	178	161.032	76.361	233.879
229	255	0	204	174.065	80.981	304.946
230	255	0	229	174.113	80.987	305.244
231	255	0	255	174.083	80.974	305.206
232	25	25	0	2.188	2.387	1.798
233	25	51	0	5.092	10.788	2.813
234	25	76	0	12.139	29.110	5.034
235	25	102	0	23.304	57.776	8.615
236	25	127	0	37.767	94.689	13.144
237	25	153	0	55.439	139.453	19.277
238	25	178	0	72.368	183.049	24.942
239	25	204	0	72.522	183.084	25.840
240	25	229	0	72.788	183.185	27.303
241	25	255	0	72.957	183.237	28.251
242	51	25	0	7.346	4.715	1.851
243	51	51	0	9.540	11.638	2.698
244	51	76	0	14.698	27.979	4.695
245	51	102	0	24.829	54.655	7.955
246	51	127	0	38.084	89.701	12.181
247	51	153	0	53.948	132.014	17.584
248	51	178	0	73.418	182.346	24.221
249	51	204	0	73.814	184.471	25.270
250	51	229	0	73.482	184.156	25.758
251	51	255	0	73.480	183.983	27.015
252	76	25	0	18.489	10.034	2.008
253	76	51	0	19.766	15.665	2.724
254	76	76	0	24.314	30.983	4.611
255	76	102	0	32.906	55.661	7.581
256	76	127	0	45.196	90.264	11.837
257	76	153	0	59.529	130.676	16.812
258	76	178	0	76.236	177.408	22.895
259	76	204	0	78.691	186.647	24.644
260	76	229	0	78.087	186.584	25.302
261	76	255	0	77.342	186.547	26.074
262	102	25	0	37.707	19.551	2.321
263	102	51	0	36.987	23.661	2.931
264	102	76	0	41.078	37.794	4.679
265	102	102	0	47.250	60.884	7.559
266	102	127	0	57.627	92.100	11.351
267	102	153	0	70.148	131.364	16.193
268	102	178	0	88.155	180.308	22.360
269	102	204	0	90.442	192.354	24.349
270	102	229	0	89.026	191.905	24.957
271	102	255	0	88.022	191.697	25.758
272	127	25	0	60.228	30.870	2.719
273	127	51	0	58.289	33.605	3.200
274	127	76	0	61.942	46.381	4.782
275	127	102	0	66.772	67.439	7.451
276	127	127	0	77.181	99.231	11.320
277	127	153	0	88.740	137.420	16.046
278	127	178	0	103.095	182.609	21.704
279	127	204	0	109.147	201.695	24.469
280	127	229	0	105.810	200.065	24.625
281	127	255	0	103.890	199.376	25.225
282	153	25	0	92.029	46.967	3.300
283	153	51	0	86.501	47.283	3.630
284	153	76	0	88.868	58.863	5.113
285	153	102	0	93.709	78.588	7.595
286	153	127	0	100.974	106.883	11.143
287	153	153	0	113.029	144.334	15.728
288	153	178	0	128.698	188.938	21.191
289	153	204	0	133.582	213.985	24.777
290	153	229	0	130.979	212.756	24.967
291	153	255	0	125.942	210.273	25.095
292	178	25	0	118.797	60.621	3.840
293	178	51	0	116.819	61.785	4.090
294	178	76	0	118.282	71.992	5.423
295	178	102	0	123.893	90.863	7.744
296	178	127	0	130.075	118.533	11.257
297	178	153	0	142.608	156.723	15.916
298	178	178	0	155.437	198.983	21.188
299	178	204	0	164.637	229.660	25.306
300	178	229	0	158.920	226.765	25.244
301	178	255	0	152.822	223.706	25.241
302	204	25	0	118.688	60.566	3.839
303	204	51	0	119.488	62.524	4.072
304	204	76	0	123.671	73.168	5.333
305	204	102	0	132.199	94.840	7.897
306	204	127	0	142.287	120.512	10.936
307	204	153	0	159.686	164.834	16.198
308	204	178	0	176.109	206.788	21.239
309	204	204	0	189.924	242.520	25.841
310	204	229	0	189.480	242.274	25.826
311	204	255	0	185.074	240.056	25.818
312	229	25	0	118.607	60.526	3.839
313	229	51	0	119.249	62.065	4.021
314	229	76	0	123.174	72.056	5.205
315	229	102	0	130.918	91.736	7.534
316	229	127	0	141.024	117.465	10.581
317	229	153	0	156.970	158.059	15.398
318	229	178	0	174.173	201.965	20.661
319	229	204	0	189.857	242.461	25.841
320	229	229	0	189.820	242.413	25.838
321	229	255	0	189.789	242.372	25.836
322	255	25	0	118.536	60.490	3.838
323	255	51	0	118.989	61.528	3.961
324	255	76	0	122.135	69.510	4.907
325	255	102	0	129.964	89.469	7.270
326	255	127	0	140.711	116.779	10.504
327	255	153	0	155.027	153.243	14.830
328	255	178	0	171.422	195.048	19.829
329	255	204	0	189.589	241.857	25.735
330	255	229	0	189.756	242.357	25.836
331	255	255	0	189.742	242.339	25.836
332	255	25	25	118.504	60.474	3.839
333	255	25	51	119.081	60.697	6.853
334	255	25	76	122.178	61.859	23.823
335	255	25	102	128.328	64.168	57.437
336	255	25	127	137.558	67.684	107.526
337	255	25	153	149.284	72.154	171.027
338	255	25	178	163.463	77.668	246.754
339	255	25	204	174.881	82.062	306.962
340	255	25	229	175.589	82.940	307.689
341	255	25	255	176.193	83.679	308.307
342	255	51	25	119.022	62.011	4.029
343	255	51	51	121.407	63.748	7.942
344	255	51	76	125.780	66.093	28.147
345	255	51	102	132.845	69.573	62.038
346	255	51	127	143.098	74.594	111.653
347	255	51	153	156.508	80.924	177.362
348	255	51	178	172.797	88.804	255.764
349	255	51	204	185.726	94.862	318.134
350	255	51	229	188.071	97.661	320.505
351	255	51	255	189.940	99.786	322.462
352	255	76	25	122.408	70.832	5.085
353	255	76	51	126.865	75.370	10.774
354	255	76	76	138.063	82.549	29.385
355	255	76	102	148.034	88.703	71.021
356	255	76	127	158.551	94.498	118.185
357	255	76	153	175.247	104.268	190.649
358	255	76	178	193.642	114.564	271.149
359	255	76	204	216.946	131.103	350.237
360	255	76	229	217.784	132.447	350.921
361	255	76	255	223.307	138.807	356.624
362	255	102	25	130.605	91.820	7.616
363	255	102	51	136.611	98.130	15.244
364	255	102	76	151.443	109.777	37.014
365	255	102	102	177.127	126.780	79.674
366	255	102	127	190.717	135.153	135.512
367	255	102	153	208.599	146.109	211.199
368	255	102	178	228.604	157.674	294.641
369	255	102	204	265.414	188.307	399.157
370	255	102	229	271.584	195.285	405.913
371	255	102	255	282.817	208.088	417.607
372	255	127	25	141.168	118.608	10.998
373	255	127	51	148.989	127.947	20.185
374	255	127	76	166.931	143.502	45.812
375	255	127	102	197.380	167.441	89.634
376	255	127	127	233.700	191.308	150.555
377	255	127	153	250.769	202.996	219.551
378	255	127	178	276.480	220.939	314.904
379	255	127	204	303.912	239.270	421.230
380	255	127	229	331.544	267.158	466.598
381	255	127	255	340.273	278.117	475.184
382	255	153	25	156.976	158.729	15.989
383	255	153	51	166.829	170.332	27.665
384	255	153	76	185.956	186.941	54.750
385	255	153	102	219.632	216.308	101.171
386	255	153	127	256.914	241.323	159.411
387	255	153	153	304.030	273.039	240.499
388	255	153	178	328.076	289.539	328.127
389	255	153	204	362.557	314.852	449.413
390	255	153	229	410.124	359.479	547.758
391	255	153	255	415.766	367.737	552.803
392	255	178	25	174.910	203.791	22.015
393	255	178	51	185.521	214.962	35.418
394	255	178	76	205.722	234.097	63.157
395	255	178	102	240.936	261.885	113.686
396	255	178	127	284.481	300.630	175.722
397	255	178	153	340.066	341.045	258.941
398	255	178	178	395.249	379.558	351.081
399	255	178	204	424.731	398.502	470.194
400	255	178	229	462.929	426.453	593.810
401	255	178	255	486.202	452.607	625.750
402	255	204	25	190.677	243.430	28.033
403	255	204	51	201.942	255.228	42.357
404	255	204	76	229.603	283.840	79.435
405	255	204	102	265.912	317.908	128.451
406	255	204	127	312.738	358.390	194.847
407	255	204	153	365.555	400.708	271.380
408	255	204	178	433.815	454.355	375.321
409	255	204	204	488.333	483.550	471.019
410	255	204	229	525.036	510.529	606.414
411	255	204	255	561.241	541.860	706.114
412	255	229	25	191.383	244.170	29.037
413	255	229	51	204.219	257.607	45.344
414	255	229	76	232.747	287.118	83.502
415	255	229	102	276.621	332.391	142.504
416	255	229	127	329.054	386.371	215.233
417	255	229	153	402.602	462.535	314.967
418	255	229	178	460.031	516.172	389.652
419	255	229	204	530.450	566.721	498.921
420	255	229	229	590.173	603.951	613.496
421	255	229	255	622.621	629.247	756.791
422	255	255	25	191.591	244.450	29.581
423	255	255	51	206.318	259.797	48.708
424	255	255	76	235.936	290.394	88.352
425	255	255	102	286.217	342.205	155.686
426	255	255	127	331.523	388.822	218.691
427	255	255	153	407.342	467.429	321.021
428	255	255	178	483.297	545.457	427.405
429	255	255	204	569.408	634.011	550.439
430	255	255	229	615.959	677.637	637.141
431	255	255	255	651.193	698.702	778.494
432	25	255	25	76.235	183.537	48.499
433	25	255	51	82.919	186.119	84.787
434	25	255	76	91.076	189.247	129.126
435	25	255	102	104.375	194.264	201.533
436	25	255	127	118.373	199.488	277.613
437	25	255	153	127.518	202.883	326.316
438	25	255	178	127.857	203.229	326.665
439	25	255	204	128.319	203.695	327.098
440	25	255	229	128.858	204.230	327.593
441	25	255	255	129.992	205.388	328.688
442	51	255	25	76.637	184.572	44.818
443	51	255	51	84.773	188.354	84.396
444	51	255	76	92.887	191.753	126.321
445	51	255	102	107.099	197.927	197.995
446	51	255	127	121.639	204.163	271.205
447	51	255	153	134.471	209.935	333.031
448	51	255	178	137.431	212.990	335.952
449	51	255	204	141.453	217.230	340.087
450	51	255	229	141.865	217.572	340.346
451	51	255	255	145.473	221.334	343.976
452	76	255	25	85.505	195.431	41.108
453	76	255	51	94.619	200.417	80.463
454	76	255	76	106.050	206.447	130.692
455	76	255	102	118.534	212.592	188.833
456	76	255	127	136.133	222.537	261.564
457	76	255	153	157.080	234.158	350.618
458	76	255	178	164.736	241.341	363.323
459	76	255	204	171.132	248.013	369.763
460	76	255	229	173.003	249.871	371.495
461	76	255	255	180.444	257.641	378.996
462	102	255	25	95.737	200.538	39.247
463	102	255	51	113.723	223.043	72.813
464	102	255	76	128.937	234.157	125.051
465	102	255	102	144.678	243.733	186.448
466	102	255	127	164.715	255.923	263.549
467	102	255	153	188.804	270.277	358.855
468	102	255	178	214.040	292.721	412.888
469	102	255	204	220.471	299.283	419.109
470	102	255	229	227.025	306.019	425.537
471	102	255	255	238.415	317.830	436.868
472	127	255	25	111.772	207.472	37.001
473	127	255	51	128.094	227.600	66.545
474	127	255	76	157.124	262.826	117.306
475	127	255	102	185.733	290.925	191.278
476	127	255	127	207.177	304.182	271.324
477	127	255	153	227.572	316.044	353.590
478	127	255	178	271.619	352.277	467.597
479	127	255	204	281.164	361.842	478.970
480	127	255	229	288.619	369.567	486.430
481	127	255	255	298.203	379.472	495.966
482	153	255	25	131.646	216.259	34.554
483	153	255	51	149.420	236.154	61.621
484	153	255	76	179.123	270.682	109.942
485	153	255	102	218.872	318.934	181.801
486	153	255	127	251.681	357.564	259.209
487	153	255	153	277.838	374.471	355.208
488	153	255	178	309.469	396.593	457.906
489	153	255	204	363.056	446.326	560.642
490	153	255	229	372.684	456.484	570.771
491	153	255	255	380.507	464.105	577.823
492	178	255	25	159.869	229.478	32.783
493	178	255	51	179.088	249.711	59.192
494	178	255	76	211.225	286.632	110.870
495	178	255	102	245.647	327.652	168.063
496	178	255	127	287.403	379.561	250.045
497	178	255	153	343.693	450.297	360.882
498	178	255	178	373.657	469.042	471.739
499	178	255	204	405.399	491.272	574.775
500	178	255	229	443.926	528.001	639.636
501	178	255	255	449.087	532.889	644.151
502	204	255	25	192.423	245.625	32.519
503	204	255	51	210.435	264.733	57.202
504	204	255	76	240.539	297.673	101.799
505	204	255	102	279.603	342.274	165.403
506	204	255	127	319.338	388.291	232.384
507	204	255	153	382.961	465.111	346.763
508	204	255	178	424.358	520.584	436.609
509	204	255	204	468.594	564.904	569.418
510	204	255	229	504.321	590.200	684.741
511	204	255	255	535.709	620.060	731.823
512	229	255	25	192.771	245.271	31.215
513	229	255	51	207.769	260.889	50.838
514	229	255	76	241.701	296.113	95.697
515	229	255	102	289.330	345.426	159.877
516	229	255	127	340.069	397.290	232.289
517	229	255	153	416.097	476.595	336.766
518	229	255	178	472.610	543.599	438.775
519	229	255	204	525.150	612.736	546.611
520	229	255	229	566.008	660.091	668.042
521	229	255	255	593.161	672.166	782.209
522	25	25	255	75.675	41.542	319.507
523	25	51	255	85.139	65.518	325.539
524	25	76	255	94.447	93.064	326.560
525	25	102	255	108.213	132.830	328.737
526	25	127	255	123.231	174.231	332.044
527	25	153	255	136.310	211.530	335.076
528	25	178	255	133.673	208.774	332.414
529	25	204	255	131.605	206.689	330.479
530	25	229	255	130.406	205.439	329.270
531	51	25	255	88.523	46.884	317.941
532	51	51	255	107.912	77.710	350.437
533	51	76	255	118.049	106.217	355.275
534	51	102	255	133.179	146.471	359.403
535	51	127	255	146.567	186.626	360.637
536	51	153	255	162.933	235.775	362.940
537	51	178	255	159.760	235.840	358.441
538	51	204	255	156.778	232.830	355.616
539	51	229	255	150.903	226.660	349.618
540	76	25	255	106.275	54.810	316.788
541	76	51	255	123.698	82.923	346.512
542	76	76	255	153.957	128.079	393.302
543	76	102	255	172.394	172.310	405.111
544	76	127	255	184.481	215.165	403.517
545	76	153	255	202.145	265.995	406.945
546	76	178	255	206.402	284.577	405.660
547	76	204	255	195.523	273.125	394.517
548	76	229	255	192.005	269.536	391.143
549	102	25	255	133.697	67.721	315.730
550	102	51	255	147.154	91.696	342.065
551	102	76	255	173.179	133.469	387.183
552	102	102	255	213.742	194.888	449.341
553	102	127	255	229.824	239.159	458.105
554	102	153	255	246.678	293.379	458.744
555	102	178	255	267.096	347.377	465.705
556	102	204	255	257.139	337.060	455.806
557	102	229	255	247.805	327.344	446.431
558	127	25	255	161.774	80.433	313.808
559	127	51	255	175.662	103.188	338.067
560	127	76	255	205.328	147.303	384.225
561	127	102	255	239.836	203.786	443.833
562	127	127	255	279.059	266.495	509.996
563	127	153	255	300.102	327.544	520.845
564	127	178	255	318.219	382.701	523.037
565	127	204	255	314.129	395.442	511.734
566	127	229	255	303.496	384.219	500.715
567	153	25	255	179.602	88.272	312.097
568	153	51	255	205.845	118.886	339.117
569	153	76	255	241.909	165.335	384.035
570	153	102	255	280.942	222.678	442.501
571	153	127	255	312.792	279.648	505.350
572	153	153	255	356.029	352.622	583.595
573	153	178	255	380.897	418.428	597.614
574	153	204	255	403.112	485.826	601.058
575	153	229	255	391.768	475.291	589.095
576	178	25	255	178.223	86.704	310.636
577	178	51	255	202.051	114.226	335.321
578	178	76	255	244.274	163.497	378.745
579	178	102	255	307.525	238.039	443.621
580	178	127	255	352.177	298.481	501.894
581	178	153	255	393.156	365.640	575.518
582	178	178	255	419.684	425.360	644.837
583	178	204	255	451.447	504.629	659.837
584	178	229	255	457.609	540.917	652.267
585	204	25	255	177.087	85.366	309.522
586	204	51	255	194.715	105.959	327.682
587	204	76	255	237.550	155.788	371.823
588	204	102	255	292.731	220.474	428.552
589	204	127	255	352.358	292.972	488.734
590	204	153	255	431.357	387.560	570.095
591	204	178	255	465.942	443.183	634.728
592	204	204	255	503.562	519.440	725.441
593	204	229	255	531.030	598.097	735.009
594	229	25	255	175.635	83.757	308.090
595	229	51	255	192.244	103.103	325.255
596	229	76	255	229.420	146.436	363.527
597	229	102	255	286.611	213.501	422.293
598	229	127	255	343.053	282.030	479.168
599	229	153	255	416.032	369.085	554.293
600	229	178	255	492.106	459.751	633.976
601	229	204	255	555.989	542.139	719.724
602	229	229	255	573.773	601.429	768.691
END_DATA


