CGATS.17
BEGIN_DATA_FORMAT
SampleID	RGB_R	RGB_G	RGB_B	XYZ_X	XYZ_Y	XYZ_Z
END_DATA_FORMAT
NUMBER_OF_SETS 602
BEGIN_DATA
1	0	0	0	0	0	0
2	0	0	25	0.0017545	0.0007018	0.0092403
3	0	0	51	0.0059748	0.0023899	0.0314671
4	0	0	76	0.0130437	0.0052175	0.0686967
5	0	0	102	0.0239802	0.0095921	0.1262956
6	0	0	127	0.0383036	0.0153214	0.2017322
7	0	0	153	0.0574916	0.0229966	0.302789
8	0	0	178	0.0803503	0.0321401	0.423178
9	0	0	204	0.1089792	0.0435917	0.5739573
10	0	0	229	0.1414135	0.0565654	0.7447779
11	0	0	255	0.1804808	0.0721923	0.9505322
12	0	25	0	0.0034762	0.0069523	0.0011587
13	0	25	25	0.0052306	0.0076541	0.010399
14	0	25	51	0.0094509	0.0093422	0.0326259
15	0	25	76	0.0165198	0.0121698	0.0698554
16	0	25	102	0.0274563	0.0165444	0.1274543
17	0	25	127	0.0417797	0.0222737	0.2028909
18	0	25	153	0.0609677	0.0299489	0.3039477
19	0	25	178	0.0838264	0.0390924	0.4243368
20	0	25	204	0.1124554	0.050544	0.575116
21	0	25	229	0.1448897	0.0635177	0.7459366
22	0	25	255	0.1839569	0.0791446	0.9516909
23	0	51	0	0.0118377	0.0236755	0.0039459
24	0	51	25	0.0135922	0.0243773	0.0131862
25	0	51	51	0.0178125	0.0260654	0.0354131
26	0	51	76	0.0248814	0.028893	0.0726426
27	0	51	102	0.0358179	0.0332676	0.1302415
28	0	51	127	0.0501413	0.0389969	0.2056781
29	0	51	153	0.0693293	0.0466721	0.3067349
30	0	51	178	0.092188	0.0558156	0.427124
31	0	51	204	0.120817	0.0672672	0.5779032
32	0	51	229	0.1532513	0.0802409	0.7487238
33	0	51	255	0.1923185	0.0958678	0.9544781
34	0	76	0	0.0258433	0.0516866	0.0086144
35	0	76	25	0.0275978	0.0523884	0.0178548
36	0	76	51	0.0318181	0.0540765	0.0400816
37	0	76	76	0.038887	0.056904	0.0773111
38	0	76	102	0.0498235	0.0612786	0.13491
39	0	76	127	0.0641469	0.067008	0.2103466
40	0	76	153	0.0833349	0.0746832	0.3114034
41	0	76	178	0.1061935	0.0838267	0.4317925
42	0	76	204	0.1348225	0.0952783	0.5825717
43	0	76	229	0.1672568	0.108252	0.7533923
44	0	76	255	0.2063241	0.1238789	0.9591466
45	0	102	0	0.0475116	0.0950233	0.0158372
46	0	102	25	0.0492661	0.0957251	0.0250775
47	0	102	51	0.0534864	0.0974132	0.0473044
48	0	102	76	0.0605553	0.1002407	0.0845339
49	0	102	102	0.0714918	0.1046153	0.1421328
50	0	102	127	0.0858152	0.1103447	0.2175694
51	0	102	153	0.1050032	0.1180199	0.3186262
52	0	102	178	0.1278619	0.1271634	0.4390153
53	0	102	204	0.1564909	0.138615	0.5897945
54	0	102	229	0.1889251	0.1515887	0.7606151
55	0	102	255	0.2279924	0.1672156	0.9663694
56	0	127	0	0.0758904	0.1517808	0.0252968
57	0	127	25	0.0776449	0.1524826	0.0345371
58	0	127	51	0.0818652	0.1541707	0.0567639
59	0	127	76	0.0889341	0.1569983	0.0939935
60	0	127	102	0.0998706	0.1613729	0.1515924
61	0	127	127	0.114194	0.1671022	0.227029
62	0	127	153	0.133382	0.1747774	0.3280858
63	0	127	178	0.1562407	0.1839209	0.4484748
64	0	127	204	0.1848696	0.1953725	0.5992541
65	0	127	229	0.2173039	0.2083462	0.7700747
66	0	127	255	0.2563712	0.2239731	0.975829
67	0	153	0	0.1139073	0.2278147	0.0379691
68	0	153	25	0.1156618	0.2285165	0.0472094
69	0	153	51	0.1198821	0.2302046	0.0694363
70	0	153	76	0.126951	0.2330322	0.1066658
71	0	153	102	0.1378875	0.2374068	0.1642647
72	0	153	127	0.1522109	0.2431361	0.2397013
73	0	153	153	0.1713989	0.2508113	0.3407581
74	0	153	178	0.1942576	0.2599548	0.4611472
75	0	153	204	0.2228866	0.2714064	0.6119264
76	0	153	229	0.2553209	0.2843801	0.782747
77	0	153	255	0.2943881	0.300007	0.9885013
78	0	178	0	0.159197	0.318394	0.0530657
79	0	178	25	0.1609515	0.3190957	0.062306
80	0	178	51	0.1651717	0.3207839	0.0845328
81	0	178	76	0.1722407	0.3236114	0.1217624
82	0	178	102	0.1831772	0.327986	0.1793613
83	0	178	127	0.1975005	0.3337154	0.2547978
84	0	178	153	0.2166885	0.3413906	0.3558546
85	0	178	178	0.2395472	0.3505341	0.4762437
86	0	178	204	0.2681762	0.3619856	0.627023
87	0	178	229	0.3006105	0.3749594	0.7978435
88	0	178	255	0.3396778	0.3905863	1.0035978
89	0	204	0	0.2159192	0.4318384	0.0719731
90	0	204	25	0.2176737	0.4325402	0.0812134
91	0	204	51	0.221894	0.4342283	0.1034402
92	0	204	76	0.2289629	0.4370559	0.1406698
93	0	204	102	0.2398994	0.4414305	0.1982687
94	0	204	127	0.2542228	0.4471598	0.2737052
95	0	204	153	0.2734108	0.454835	0.374762
96	0	204	178	0.2962695	0.4639785	0.4951511
97	0	204	204	0.3248984	0.4754301	0.6459304
98	0	204	229	0.3573327	0.4884038	0.8167509
99	0	204	255	0.3964	0.5040307	1.0225052
100	0	229	0	0.2801808	0.5603617	0.0933936
101	0	229	25	0.2819353	0.5610635	0.1026339
102	0	229	51	0.2861556	0.5627516	0.1248608
103	0	229	76	0.2932245	0.5655792	0.1620903
104	0	229	102	0.304161	0.5699538	0.2196892
105	0	229	127	0.3184844	0.5756831	0.2951258
106	0	229	153	0.3376724	0.5833583	0.3961826
107	0	229	178	0.3605311	0.5925018	0.5165717
108	0	229	204	0.3891601	0.6039534	0.6673509
109	0	229	229	0.4215944	0.6169271	0.8381715
110	0	229	255	0.4606616	0.632554	1.0439258
111	0	255	0	0.3575843	0.7151687	0.1191948
112	0	255	25	0.3593388	0.7158705	0.1284351
113	0	255	51	0.3635591	0.7175586	0.1506619
114	0	255	76	0.370628	0.7203862	0.1878915
115	0	255	102	0.3815645	0.7247608	0.2454904
116	0	255	127	0.3958879	0.7304901	0.3209269
117	0	255	153	0.4150759	0.7381653	0.4219837
118	0	255	178	0.4379346	0.7473088	0.5423728
119	0	255	204	0.4665636	0.7587604	0.6931521
120	0	255	229	0.4989979	0.7717341	0.8639726
121	0	255	255	0.5380651	0.787361	1.0697269
122	25	0	0	0.0040089	0.0020671	0.0001879
123	25	0	25	0.0057634	0.0027689	0.0094282
124	25	0	51	0.0099837	0.004457	0.0316551
125	25	0	76	0.0170526	0.0072846	0.0688846
126	25	0	102	0.0279891	0.0116592	0.1264835
127	25	0	127	0.0423125	0.0173885	0.2019201
128	25	0	153	0.0615005	0.0250637	0.3029769
129	25	0	178	0.0843592	0.0342072	0.423366
130	25	0	204	0.1129882	0.0456588	0.5741452
131	25	0	229	0.1454225	0.0586325	0.7449658
132	25	0	255	0.1844897	0.0742594	0.9507201
133	51	0	0	0.0136521	0.0070394	0.0006399
134	51	0	25	0.0154066	0.0077412	0.0098803
135	51	0	51	0.0196269	0.0094293	0.0321071
136	51	0	76	0.0266958	0.0122568	0.0693367
137	51	0	102	0.0376323	0.0166314	0.1269356
138	51	0	127	0.0519557	0.0223608	0.2023721
139	51	0	153	0.0711437	0.030036	0.3034289
140	51	0	178	0.0940024	0.0391795	0.423818
141	51	0	204	0.1226313	0.0506311	0.5745972
142	51	0	229	0.1550656	0.0636048	0.7454178
143	51	0	255	0.1941329	0.0792317	0.9511721
144	76	0	0	0.0298042	0.0153678	0.0013971
145	76	0	25	0.0315587	0.0160696	0.0106374
146	76	0	51	0.035779	0.0177577	0.0328642
147	76	0	76	0.0428479	0.0205853	0.0700938
148	76	0	102	0.0537844	0.0249599	0.1276927
149	76	0	127	0.0681078	0.0306892	0.2031292
150	76	0	153	0.0872958	0.0383644	0.304186
151	76	0	178	0.1101545	0.0475079	0.4245751
152	76	0	204	0.1387835	0.0589595	0.5753544
153	76	0	229	0.1712178	0.0719332	0.7461749
154	76	0	255	0.210285	0.0875601	0.9519292
155	102	0	0	0.0547937	0.028253	0.0025685
156	102	0	25	0.0565482	0.0289548	0.0118088
157	102	0	51	0.0607684	0.0306429	0.0340356
158	102	0	76	0.0678374	0.0334705	0.0712652
159	102	0	102	0.0787739	0.0378451	0.1288641
160	102	0	127	0.0930972	0.0435744	0.2043006
161	102	0	153	0.1122852	0.0512496	0.3053574
162	102	0	178	0.1351439	0.0603931	0.4257465
163	102	0	204	0.1637729	0.0718447	0.5765258
164	102	0	229	0.1962072	0.0848184	0.7473463
165	102	0	255	0.2352745	0.1004453	0.9531006
166	127	0	0	0.087522	0.0451285	0.0041026
167	127	0	25	0.0892765	0.0458303	0.0133429
168	127	0	51	0.0934968	0.0475184	0.0355697
169	127	0	76	0.1005657	0.050346	0.0727993
170	127	0	102	0.1115022	0.0547206	0.1303982
171	127	0	127	0.1258256	0.06045	0.2058348
172	127	0	153	0.1450136	0.0681252	0.3068915
173	127	0	178	0.1678723	0.0772686	0.4272806
174	127	0	204	0.1965012	0.0887202	0.5780599
175	127	0	229	0.2289355	0.1016939	0.7488805
176	127	0	255	0.2680028	0.1173209	0.9546347
177	153	0	0	0.1313658	0.0677355	0.0061578
178	153	0	25	0.1331203	0.0684373	0.0153981
179	153	0	51	0.1373405	0.0701254	0.0376249
180	153	0	76	0.1444094	0.0729529	0.0748545
181	153	0	102	0.1553459	0.0773275	0.1324534
182	153	0	127	0.1696693	0.0830569	0.2078899
183	153	0	153	0.1888573	0.0907321	0.3089467
184	153	0	178	0.211716	0.0998756	0.4293358
185	153	0	204	0.240345	0.1113272	0.5801151
186	153	0	229	0.2727793	0.1243009	0.7509356
187	153	0	255	0.3118465	0.1399278	0.9566899
188	178	0	0	0.1835969	0.0946671	0.0086061
189	178	0	25	0.1853514	0.0953689	0.0178464
190	178	0	51	0.1895717	0.097057	0.0400732
191	178	0	76	0.1966406	0.0998846	0.0773028
192	178	0	102	0.2075771	0.1042592	0.1349017
193	178	0	127	0.2219005	0.1099886	0.2103383
194	178	0	153	0.2410885	0.1176638	0.3113951
195	178	0	178	0.2639471	0.1268072	0.4317842
196	178	0	204	0.2925761	0.1382588	0.5825634
197	178	0	229	0.3250104	0.1512325	0.753384
198	178	0	255	0.3640777	0.1668595	0.9591383
199	204	0	0	0.2490128	0.1283972	0.0116725
200	204	0	25	0.2507673	0.129099	0.0209128
201	204	0	51	0.2549876	0.1307872	0.0431396
202	204	0	76	0.2620565	0.1336147	0.0803692
203	204	0	102	0.272993	0.1379893	0.1379681
204	204	0	127	0.2873164	0.1437187	0.2134046
205	204	0	153	0.3065044	0.1513939	0.3144614
206	204	0	178	0.3293631	0.1605374	0.4348505
207	204	0	204	0.3579921	0.1719889	0.5856298
208	204	0	229	0.3904264	0.1849627	0.7564503
209	204	0	255	0.4294936	0.2005896	0.9622046
210	229	0	0	0.3231238	0.1666107	0.0151464
211	229	0	25	0.3248783	0.1673125	0.0243868
212	229	0	51	0.3290986	0.1690006	0.0466136
213	229	0	76	0.3361675	0.1718282	0.0838431
214	229	0	102	0.347104	0.1762028	0.141442
215	229	0	127	0.3614274	0.1819321	0.2168786
216	229	0	153	0.3806153	0.1896073	0.3179354
217	229	0	178	0.403474	0.1987508	0.4383245
218	229	0	204	0.432103	0.2102024	0.5891037
219	229	0	229	0.4645373	0.2231761	0.7599243
220	229	0	255	0.5036046	0.238803	0.9656786
221	255	0	0	0.4123908	0.212639	0.0193308
222	255	0	25	0.4141453	0.2133408	0.0285711
223	255	0	51	0.4183656	0.2150289	0.050798
224	255	0	76	0.4254345	0.2178565	0.0880275
225	255	0	102	0.436371	0.2222311	0.1456264
226	255	0	127	0.4506944	0.2279604	0.221063
227	255	0	153	0.4698824	0.2356356	0.3221198
228	255	0	178	0.4927411	0.2447791	0.4425089
229	255	0	204	0.52137	0.2562307	0.5932881
230	255	0	229	0.5538043	0.2692044	0.7641087
231	255	0	255	0.5928716	0.2848313	0.969863
232	25	25	0	0.0074851	0.0090194	0.0013466
233	25	51	0	0.0158467	0.0257426	0.0041338
234	25	76	0	0.0298522	0.0537537	0.0088023
235	25	102	0	0.0515206	0.0970904	0.0160251
236	25	127	0	0.0798993	0.1538479	0.0254847
237	25	153	0	0.1179163	0.2298818	0.038157
238	25	178	0	0.1632059	0.3204611	0.0532536
239	25	204	0	0.2199281	0.4339055	0.072161
240	25	229	0	0.2841898	0.5624288	0.0935815
241	25	255	0	0.3615933	0.7172358	0.1193827
242	51	25	0	0.0171283	0.0139917	0.0017987
243	51	51	0	0.0254898	0.0307149	0.0045859
244	51	76	0	0.0394954	0.0587259	0.0092544
245	51	102	0	0.0611637	0.1020626	0.0164772
246	51	127	0	0.0895425	0.1588202	0.0259367
247	51	153	0	0.1275594	0.234854	0.0386091
248	51	178	0	0.1728491	0.3254333	0.0537056
249	51	204	0	0.2295713	0.4388778	0.072613
250	51	229	0	0.2938329	0.5674011	0.0940336
251	51	255	0	0.3712364	0.722208	0.1198347
252	76	25	0	0.0332804	0.0223201	0.0025558
253	76	51	0	0.041642	0.0390433	0.005343
254	76	76	0	0.0556475	0.0670544	0.0100115
255	76	102	0	0.0773159	0.1103911	0.0172343
256	76	127	0	0.1056946	0.1671486	0.0266939
257	76	153	0	0.1437116	0.2431825	0.0393662
258	76	178	0	0.1890012	0.3337618	0.0544627
259	76	204	0	0.2457234	0.4472062	0.0733701
260	76	229	0	0.3099851	0.5757295	0.0947907
261	76	255	0	0.3873886	0.7305365	0.1205919
262	102	25	0	0.0582698	0.0352053	0.0037272
263	102	51	0	0.0666314	0.0519285	0.0065144
264	102	76	0	0.080637	0.0799396	0.0111829
265	102	102	0	0.1023053	0.1232762	0.0184057
266	102	127	0	0.1306841	0.1800338	0.0278653
267	102	153	0	0.168701	0.2560677	0.0405376
268	102	178	0	0.2139906	0.3466469	0.0556341
269	102	204	0	0.2707129	0.4600914	0.0745415
270	102	229	0	0.3349745	0.5886147	0.0959621
271	102	255	0	0.412378	0.7434217	0.1217632
272	127	25	0	0.0909982	0.0520808	0.0052613
273	127	51	0	0.0993598	0.068804	0.0080485
274	127	76	0	0.1133653	0.0968151	0.012717
275	127	102	0	0.1350336	0.1401518	0.0199398
276	127	127	0	0.1634124	0.1969093	0.0293994
277	127	153	0	0.2014294	0.2729432	0.0420717
278	127	178	0	0.246719	0.3635225	0.0571683
279	127	204	0	0.3034412	0.4769669	0.0760757
280	127	229	0	0.3677029	0.6054902	0.0974962
281	127	255	0	0.4451064	0.7602972	0.1232974
282	153	25	0	0.1348419	0.0746878	0.0073165
283	153	51	0	0.1432035	0.091411	0.0101037
284	153	76	0	0.157209	0.119422	0.0147722
285	153	102	0	0.1788774	0.1627587	0.021995
286	153	127	0	0.2072562	0.2195163	0.0314546
287	153	153	0	0.2452731	0.2955501	0.0441269
288	153	178	0	0.2905627	0.3861294	0.0592234
289	153	204	0	0.347285	0.4995739	0.0781308
290	153	229	0	0.4115466	0.6280972	0.0995514
291	153	255	0	0.4889501	0.7829041	0.1253525
292	178	25	0	0.187073	0.1016194	0.0097648
293	178	51	0	0.1954346	0.1183426	0.012552
294	178	76	0	0.2094402	0.1463537	0.0172205
295	178	102	0	0.2311085	0.1896904	0.0244433
296	178	127	0	0.2594873	0.2464479	0.0339029
297	178	153	0	0.2975042	0.3224818	0.0465752
298	178	178	0	0.3427939	0.4130611	0.0616718
299	178	204	0	0.3995161	0.5265055	0.0805792
300	178	229	0	0.4637777	0.6550288	0.1019997
301	178	255	0	0.5411812	0.8098358	0.1278009
302	204	25	0	0.252489	0.1353496	0.0128312
303	204	51	0	0.2608506	0.1520727	0.0156184
304	204	76	0	0.2748561	0.1800838	0.0202869
305	204	102	0	0.2965245	0.2234205	0.0275097
306	204	127	0	0.3249032	0.280178	0.0369693
307	204	153	0	0.3629202	0.3562119	0.0496416
308	204	178	0	0.4082098	0.4467912	0.0647381
309	204	204	0	0.464932	0.5602356	0.0836455
310	204	229	0	0.5291937	0.6887589	0.1050661
311	204	255	0	0.6065972	0.8435659	0.1308673
312	229	25	0	0.3265999	0.173563	0.0163051
313	229	51	0	0.3349615	0.1902862	0.0190923
314	229	76	0	0.3489671	0.2182973	0.0237609
315	229	102	0	0.3706354	0.261634	0.0309836
316	229	127	0	0.3990142	0.3183915	0.0404432
317	229	153	0	0.4370311	0.3944254	0.0531155
318	229	178	0	0.4823208	0.4850046	0.0682121
319	229	204	0	0.539043	0.5984491	0.0871195
320	229	229	0	0.6033046	0.7269724	0.10854
321	229	255	0	0.6807081	0.8817794	0.1343412
322	255	25	0	0.415867	0.2195913	0.0204895
323	255	51	0	0.4242285	0.2363145	0.0232767
324	255	76	0	0.4382341	0.2643256	0.0279452
325	255	102	0	0.4599024	0.3076623	0.035168
326	255	127	0	0.4882812	0.3644198	0.0446276
327	255	153	0	0.5262981	0.4404537	0.0572999
328	255	178	0	0.5715878	0.531033	0.0723965
329	255	204	0	0.62831	0.6444774	0.0913039
330	255	229	0	0.6925716	0.7730007	0.1127244
331	255	255	0	0.7699751	0.9278077	0.1385256
332	255	25	25	0.4176214	0.2202931	0.0297299
333	255	25	51	0.4218417	0.2219812	0.0519567
334	255	25	76	0.4289106	0.2248088	0.0891863
335	255	25	102	0.4398471	0.2291834	0.1467851
336	255	25	127	0.4541705	0.2349127	0.2222217
337	255	25	153	0.4733585	0.2425879	0.3232785
338	255	25	178	0.4962172	0.2517314	0.4436676
339	255	25	204	0.5248462	0.263183	0.5944468
340	255	25	229	0.5572805	0.2761567	0.7652674
341	255	25	255	0.5963477	0.2917836	0.9710217
342	255	51	25	0.425983	0.2370163	0.0325171
343	255	51	51	0.4302033	0.2387044	0.0547439
344	255	51	76	0.4372722	0.241532	0.0919735
345	255	51	102	0.4482087	0.2459066	0.1495723
346	255	51	127	0.4625321	0.2516359	0.2250089
347	255	51	153	0.4817201	0.2593111	0.3260657
348	255	51	178	0.5045788	0.2684546	0.4464548
349	255	51	204	0.5332078	0.2799062	0.597234
350	255	51	229	0.5656421	0.2928799	0.7680546
351	255	51	255	0.6047093	0.3085068	0.9738089
352	255	76	25	0.4399886	0.2650274	0.0371856
353	255	76	51	0.4442089	0.2667155	0.0594124
354	255	76	76	0.4512778	0.269543	0.096642
355	255	76	102	0.4622143	0.2739176	0.1542409
356	255	76	127	0.4765377	0.279647	0.2296774
357	255	76	153	0.4957257	0.2873222	0.3307342
358	255	76	178	0.5185843	0.2964657	0.4511233
359	255	76	204	0.5472133	0.3079173	0.6019025
360	255	76	229	0.5796476	0.320891	0.7727231
361	255	76	255	0.6187149	0.3365179	0.9784774
362	255	102	25	0.4616569	0.3083641	0.0444084
363	255	102	51	0.4658772	0.3100522	0.0666352
364	255	102	76	0.4729461	0.3128797	0.1038647
365	255	102	102	0.4838826	0.3172543	0.1614636
366	255	102	127	0.498206	0.3229837	0.2369002
367	255	102	153	0.517394	0.3306589	0.337957
368	255	102	178	0.5402527	0.3398024	0.4583461
369	255	102	204	0.5688817	0.351254	0.6091253
370	255	102	229	0.6013159	0.3642277	0.7799459
371	255	102	255	0.6403832	0.3798546	0.9857002
372	255	127	25	0.4900357	0.3651216	0.0538679
373	255	127	51	0.494256	0.3668097	0.0760948
374	255	127	76	0.5013249	0.3696373	0.1133243
375	255	127	102	0.5122614	0.3740119	0.1709232
376	255	127	127	0.5265848	0.3797412	0.2463598
377	255	127	153	0.5457728	0.3874164	0.3474166
378	255	127	178	0.5686315	0.3965599	0.4678057
379	255	127	204	0.5972604	0.4080115	0.6185849
380	255	127	229	0.6296947	0.4209852	0.7894055
381	255	127	255	0.668762	0.4366121	0.9951598
382	255	153	25	0.5280526	0.4411555	0.0665403
383	255	153	51	0.5322729	0.4428436	0.0887671
384	255	153	76	0.5393418	0.4456712	0.1259966
385	255	153	102	0.5502783	0.4500458	0.1835955
386	255	153	127	0.5646017	0.4557751	0.2590321
387	255	153	153	0.5837897	0.4634503	0.3600889
388	255	153	178	0.6066484	0.4725938	0.480478
389	255	153	204	0.6352774	0.4840454	0.6312572
390	255	153	229	0.6677117	0.4970191	0.8020778
391	255	153	255	0.7067789	0.512646	1.0078321
392	255	178	25	0.5733423	0.5317348	0.0816368
393	255	178	51	0.5775625	0.5334229	0.1038636
394	255	178	76	0.5846315	0.5362504	0.1410932
395	255	178	102	0.595568	0.540625	0.1986921
396	255	178	127	0.6098913	0.5463544	0.2741286
397	255	178	153	0.6290793	0.5540296	0.3751854
398	255	178	178	0.651938	0.5631731	0.4955745
399	255	178	204	0.680567	0.5746246	0.6463538
400	255	178	229	0.7130013	0.5875984	0.8171743
401	255	178	255	0.7520686	0.6032253	1.0229286
402	255	204	25	0.6300645	0.6451792	0.1005442
403	255	204	51	0.6342848	0.6468673	0.122771
404	255	204	76	0.6413537	0.6496949	0.1600006
405	255	204	102	0.6522902	0.6540695	0.2175995
406	255	204	127	0.6666136	0.6597988	0.293036
407	255	204	153	0.6858016	0.667474	0.3940928
408	255	204	178	0.7086603	0.6766175	0.5144819
409	255	204	204	0.7372892	0.6880691	0.6652612
410	255	204	229	0.7697235	0.7010428	0.8360817
411	255	204	255	0.8087908	0.7166697	1.041836
412	255	229	25	0.6943261	0.7737025	0.1219648
413	255	229	51	0.6985464	0.7753906	0.1441916
414	255	229	76	0.7056153	0.7782182	0.1814212
415	255	229	102	0.7165518	0.7825928	0.23902
416	255	229	127	0.7308752	0.7883221	0.3144566
417	255	229	153	0.7500632	0.7959973	0.4155134
418	255	229	178	0.7729219	0.8051408	0.5359025
419	255	229	204	0.8015509	0.8165924	0.6866817
420	255	229	229	0.8339852	0.8295661	0.8575023
421	255	229	255	0.8730524	0.845193	1.0632566
422	255	255	25	0.7717296	0.9285095	0.1477659
423	255	255	51	0.7759499	0.9301976	0.1699927
424	255	255	76	0.7830188	0.9330252	0.2072223
425	255	255	102	0.7939553	0.9373998	0.2648212
426	255	255	127	0.8082787	0.9431291	0.3402578
427	255	255	153	0.8274667	0.9508043	0.4413146
428	255	255	178	0.8503254	0.9599478	0.5617036
429	255	255	204	0.8789544	0.9713994	0.7124829
430	255	255	229	0.9113887	0.9843731	0.8833035
431	255	255	255	0.9504559	1	1.0890578
432	25	255	25	0.3633478	0.7179376	0.128623
433	25	255	51	0.3675681	0.7196257	0.1508498
434	25	255	76	0.374637	0.7224533	0.1880794
435	25	255	102	0.3855735	0.7268279	0.2456783
436	25	255	127	0.3998969	0.7325572	0.3211149
437	25	255	153	0.4190849	0.7402324	0.4221717
438	25	255	178	0.4419435	0.7493759	0.5425607
439	25	255	204	0.4705725	0.7608275	0.69334
440	25	255	229	0.5030068	0.7738012	0.8641606
441	25	255	255	0.5420741	0.7894281	1.0699149
442	51	255	25	0.3729909	0.7229098	0.1290751
443	51	255	51	0.3772112	0.724598	0.1513019
444	51	255	76	0.3842801	0.7274255	0.1885314
445	51	255	102	0.3952166	0.7318001	0.2461303
446	51	255	127	0.40954	0.7375295	0.3215669
447	51	255	153	0.428728	0.7452047	0.4226237
448	51	255	178	0.4515867	0.7543481	0.5430128
449	51	255	204	0.4802157	0.7657997	0.693792
450	51	255	229	0.51265	0.7787735	0.8646126
451	51	255	255	0.5517172	0.7944004	1.0703669
452	76	255	25	0.3891431	0.7312383	0.1298322
453	76	255	51	0.3933634	0.7329264	0.152059
454	76	255	76	0.4004323	0.735754	0.1892886
455	76	255	102	0.4113688	0.7401286	0.2468875
456	76	255	127	0.4256922	0.7458579	0.322324
457	76	255	153	0.4448802	0.7535331	0.4233808
458	76	255	178	0.4677388	0.7626766	0.5437699
459	76	255	204	0.4963678	0.7741282	0.6945492
460	76	255	229	0.5288021	0.7871019	0.8653697
461	76	255	255	0.5678694	0.8027288	1.071124
462	102	255	25	0.4141325	0.7441235	0.1310036
463	102	255	51	0.4183528	0.7458116	0.1532304
464	102	255	76	0.4254217	0.7486391	0.19046
465	102	255	102	0.4363582	0.7530137	0.2480588
466	102	255	127	0.4506816	0.7587431	0.3234954
467	102	255	153	0.4698696	0.7664183	0.4245522
468	102	255	178	0.4927283	0.7755618	0.5449413
469	102	255	204	0.5213572	0.7870134	0.6957205
470	102	255	229	0.5537915	0.7999871	0.8665411
471	102	255	255	0.5928588	0.815614	1.0722954
472	127	255	25	0.4468608	0.760999	0.1325377
473	127	255	51	0.4510811	0.7626871	0.1547645
474	127	255	76	0.45815	0.7655147	0.1919941
475	127	255	102	0.4690865	0.7698893	0.249593
476	127	255	127	0.4834099	0.7756186	0.3250295
477	127	255	153	0.5025979	0.7832938	0.4260863
478	127	255	178	0.5254566	0.7924373	0.5464754
479	127	255	204	0.5540856	0.8038889	0.6972547
480	127	255	229	0.5865199	0.8168626	0.8680752
481	127	255	255	0.6255871	0.8324895	1.0738295
482	153	255	25	0.4907046	0.7836059	0.1345929
483	153	255	51	0.4949249	0.7852941	0.1568197
484	153	255	76	0.5019938	0.7881216	0.1940493
485	153	255	102	0.5129303	0.7924962	0.2516482
486	153	255	127	0.5272537	0.7982256	0.3270847
487	153	255	153	0.5464417	0.8059008	0.4281415
488	153	255	178	0.5693004	0.8150443	0.5485306
489	153	255	204	0.5979293	0.8264958	0.6993098
490	153	255	229	0.6303636	0.8394696	0.8701304
491	153	255	255	0.6694309	0.8550965	1.0758847
492	178	255	25	0.5429357	0.8105376	0.1370412
493	178	255	51	0.547156	0.8122257	0.159268
494	178	255	76	0.5542249	0.8150533	0.1964976
495	178	255	102	0.5651614	0.8194279	0.2540965
496	178	255	127	0.5794848	0.8251572	0.329533
497	178	255	153	0.5986728	0.8328324	0.4305898
498	178	255	178	0.6215315	0.8419759	0.5509789
499	178	255	204	0.6501604	0.8534275	0.7017582
500	178	255	229	0.6825947	0.8664012	0.8725787
501	178	255	255	0.721662	0.8820281	1.078333
502	204	255	25	0.6083517	0.8442677	0.1401076
503	204	255	51	0.612572	0.8459558	0.1623344
504	204	255	76	0.6196409	0.8487834	0.199564
505	204	255	102	0.6305774	0.853158	0.2571629
506	204	255	127	0.6449008	0.8588874	0.3325994
507	204	255	153	0.6640888	0.8665626	0.4336562
508	204	255	178	0.6869474	0.875706	0.5540453
509	204	255	204	0.7155764	0.8871576	0.7048246
510	204	255	229	0.7480107	0.9001313	0.8756451
511	204	255	255	0.787078	0.9157582	1.0813994
512	229	255	25	0.6824626	0.8824812	0.1435815
513	229	255	51	0.6866829	0.8841693	0.1658084
514	229	255	76	0.6937518	0.8869968	0.2030379
515	229	255	102	0.7046883	0.8913714	0.2606368
516	229	255	127	0.7190117	0.8971008	0.3360734
517	229	255	153	0.7381997	0.904776	0.4371302
518	229	255	178	0.7610584	0.9139195	0.5575193
519	229	255	204	0.7896873	0.9253711	0.7082985
520	229	255	229	0.8221216	0.9383448	0.8791191
521	229	255	255	0.8611889	0.9539717	1.0848734
522	25	25	255	0.1879659	0.0812117	0.9518788
523	25	51	255	0.1963275	0.0979349	0.954666
524	25	76	255	0.210333	0.125946	0.9593345
525	25	102	255	0.2320014	0.1692827	0.9665573
526	25	127	255	0.2603801	0.2260402	0.9760169
527	25	153	255	0.2983971	0.3020741	0.9886892
528	25	178	255	0.3436867	0.3926534	1.0037857
529	25	204	255	0.4004089	0.5060978	1.0226931
530	25	229	255	0.4646706	0.6346211	1.0441137
531	51	25	255	0.197609	0.086184	0.9523308
532	51	51	255	0.2059706	0.1029072	0.955118
533	51	76	255	0.2199762	0.1309182	0.9597865
534	51	102	255	0.2416445	0.1742549	0.9670093
535	51	127	255	0.2700233	0.2310125	0.9764689
536	51	153	255	0.3080402	0.3070464	0.9891412
537	51	178	255	0.3533299	0.3976256	1.0042378
538	51	204	255	0.4100521	0.5110701	1.0231452
539	51	229	255	0.4743137	0.6395934	1.0445657
540	76	25	255	0.2137612	0.0945124	0.9530879
541	76	51	255	0.2221228	0.1112356	0.9558751
542	76	76	255	0.2361283	0.1392467	0.9605437
543	76	102	255	0.2577967	0.1825834	0.9677664
544	76	127	255	0.2861754	0.2393409	0.977226
545	76	153	255	0.3241924	0.3153748	0.9898983
546	76	178	255	0.369482	0.4059541	1.0049949
547	76	204	255	0.4262042	0.5193985	1.0239023
548	76	229	255	0.4904659	0.6479218	1.0453228
549	102	25	255	0.2387506	0.1073976	0.9542593
550	102	51	255	0.2471122	0.1241208	0.9570465
551	102	76	255	0.2611177	0.1521319	0.961715
552	102	102	255	0.2827861	0.1954686	0.9689378
553	102	127	255	0.3111649	0.2522261	0.9783974
554	102	153	255	0.3491818	0.32826	0.9910697
555	102	178	255	0.3944714	0.4188393	1.0061663
556	102	204	255	0.4511937	0.5322837	1.0250737
557	102	229	255	0.5154553	0.660807	1.0464942
558	127	25	255	0.271479	0.1242732	0.9557935
559	127	51	255	0.2798405	0.1409963	0.9585807
560	127	76	255	0.2938461	0.1690074	0.9632492
561	127	102	255	0.3155144	0.2123441	0.970472
562	127	127	255	0.3438932	0.2691016	0.9799315
563	127	153	255	0.3819101	0.3451355	0.9926039
564	127	178	255	0.4271998	0.4357148	1.0077004
565	127	204	255	0.483922	0.5491593	1.0266078
566	127	229	255	0.5481836	0.6776825	1.0480284
567	153	25	255	0.3153227	0.1468801	0.9578486
568	153	51	255	0.3236843	0.1636033	0.9606358
569	153	76	255	0.3376898	0.1916143	0.9653043
570	153	102	255	0.3593582	0.234951	0.9725271
571	153	127	255	0.3877369	0.2917086	0.9819867
572	153	153	255	0.4257539	0.3677425	0.994659
573	153	178	255	0.4710435	0.4583217	1.0097556
574	153	204	255	0.5277657	0.5717662	1.028663
575	153	229	255	0.5920274	0.7002895	1.0500835
576	178	25	255	0.3675538	0.1738118	0.960297
577	178	51	255	0.3759154	0.1905349	0.9630842
578	178	76	255	0.3899209	0.218546	0.9677527
579	178	102	255	0.4115893	0.2618827	0.9749755
580	178	127	255	0.4399681	0.3186402	0.9844351
581	178	153	255	0.477985	0.3946741	0.9971074
582	178	178	255	0.5232746	0.4852534	1.0122039
583	178	204	255	0.5799969	0.5986979	1.0311113
584	178	229	255	0.6442585	0.7272211	1.0525319
585	204	25	255	0.4329698	0.2075419	0.9633633
586	204	51	255	0.4413314	0.2242651	0.9661505
587	204	76	255	0.4553369	0.2522761	0.9708191
588	204	102	255	0.4770053	0.2956128	0.9780418
589	204	127	255	0.505384	0.3523704	0.9875014
590	204	153	255	0.543401	0.4284042	1.0001737
591	204	178	255	0.5886906	0.5189835	1.0152703
592	204	204	255	0.6454128	0.632428	1.0341777
593	204	229	255	0.7096745	0.7609512	1.0555982
594	229	25	255	0.5070807	0.2457553	0.9668373
595	229	51	255	0.5154423	0.2624785	0.9696245
596	229	76	255	0.5294478	0.2904896	0.974293
597	229	102	255	0.5511162	0.3338263	0.9815158
598	229	127	255	0.579495	0.3905838	0.9909754
599	229	153	255	0.6175119	0.4666177	1.0036477
600	229	178	255	0.6628015	0.557197	1.0187442
601	229	204	255	0.7195238	0.6706414	1.0376516
602	229	229	255	0.7837854	0.7991647	1.0590722
END_DATA
